-1 0 1

1.5 -1.5 2
-143 -150 0
-141 -150 0
-137 -150 2
-110 -150 0
-104 -150 2
-83 -150 0
-76 -150 2
-67 -150 0
-40 -150 2
-31 -150 2
-24 -150 0
-21 -150 0
-18 -150 0
1 -150 0
7 -150 0
33 -150 0
63 -150 0
65 -150 0
73 -150 0
74 -150 0
89 -150 0
96 -150 0
129 -150 0
132 -150 0
142 -150 2
-143 -149 0
-133 -149 0
-131 -149 0
-128 -149 2
-120 -149 0
-112 -149 0
-80 -149 0
-68 -149 2
-63 -149 2
-61 -149 0
-59 -149 2
-55 -149 0
-53 -149 0
-43 -149 2
-40 -149 2
-38 -149 0
-28 -149 2
-27 -149 2
-25 -149 0
-18 -149 0
9 -149 2
21 -149 2
62 -149 0
70 -149 0
73 -149 2
80 -149 2
84 -149 0
89 -149 0
91 -149 0
121 -149 2
125 -149 0
128 -149 0
130 -149 0
135 -149 0
136 -149 0
139 -149 0
144 -149 2
146 -149 0
-134 -148 2
-118 -148 0
-106 -148 2
-80 -148 0
-44 -148 2
-23 -148 0
-22 -148 0
-18 -148 0
-13 -148 0
4 -148 0
11 -148 0
12 -148 2
14 -148 0
63 -148 0
67 -148 0
68 -148 0
77 -148 0
89 -148 2
92 -148 0
115 -148 0
124 -148 0
127 -148 0
129 -148 0
130 -148 0
132 -148 2
137 -148 2
-126 -147 0
-120 -147 0
-112 -147 0
-81 -147 0
-74 -147 0
-66 -147 2
-61 -147 2
-38 -147 0
-26 -147 0
13 -147 0
20 -147 0
24 -147 0
61 -147 0
84 -147 0
89 -147 0
93 -147 2
114 -147 0
129 -147 0
136 -147 0
-144 -146 2
-81 -146 0
-80 -146 0
-78 -146 0
-77 -146 0
-75 -146 0
-74 -146 0
-71 -146 0
-68 -146 0
-50 -146 0
-48 -146 2
-45 -146 0
-41 -146 2
-29 -146 2
-28 -146 0
-27 -146 0
-15 -146 0
65 -146 0
68 -146 2
70 -146 2
71 -146 0
81 -146 0
88 -146 2
91 -146 0
94 -146 0
97 -146 2
111 -146 0
133 -146 0
136 -146 2
137 -146 0
-128 -145 0
-125 -145 0
-120 -145 0
-119 -145 0
-78 -145 0
-57 -145 2
-48 -145 0
-38 -145 2
-34 -145 0
8 -145 0
10 -145 0
20 -145 0
23 -145 2
30 -145 0
31 -145 2
61 -145 0
87 -145 0
90 -145 0
117 -145 0
119 -145 0
122 -145 0
123 -145 0
134 -145 0
137 -145 0
-143 -144 0
-130 -144 2
-125 -144 0
-115 -144 0
-114 -144 0
-111 -144 0
-81 -144 0
-76 -144 0
-63 -144 2
-61 -144 2
-57 -144 0
-39 -144 0
-38 -144 0
-36 -144 0
-25 -144 0
-23 -144 2
-17 -144 0
15 -144 0
19 -144 2
22 -144 2
28 -144 0
74 -144 2
84 -144 0
98 -144 0
104 -144 0
122 -144 0
127 -144 0
-143 -143 0
-133 -143 0
-130 -143 0
-117 -143 0
-81 -143 0
-80 -143 0
-75 -143 2
-67 -143 0
-65 -143 0
-62 -143 0
-58 -143 0
-55 -143 2
-26 -143 0
-22 -143 0
10 -143 0
15 -143 0
17 -143 2
20 -143 0
23 -143 2
65 -143 0
80 -143 0
95 -143 0
97 -143 0
102 -143 0
103 -143 0
107 -143 0
108 -143 2
114 -143 0
137 -143 0
142 -143 2
143 -143 0
-144 -142 0
-142 -142 0
-137 -142 2
-134 -142 2
-114 -142 0
-71 -142 0
-63 -142 0
-58 -142 0
-55 -142 0
-54 -142 2
-50 -142 0
-42 -142 0
-30 -142 0
-21 -142 2
-17 -142 2
-14 -142 0
-13 -142 2
13 -142 0
15 -142 0
26 -142 0
66 -142 0
78 -142 0
116 -142 0
129 -142 0
136 -142 0
-144 -141 2
-137 -141 0
-132 -141 0
-124 -141 0
-113 -141 2
-112 -141 2
-109 -141 0
-80 -141 0
-72 -141 0
-71 -141 0
-60 -141 2
-59 -141 0
-53 -141 2
-42 -141 0
-27 -141 0
-26 -141 0
-24 -141 0
-19 -141 0
-16 -141 0
23 -141 0
70 -141 0
71 -141 2
75 -141 0
86 -141 2
90 -141 0
97 -141 2
98 -141 0
110 -141 0
114 -141 0
140 -141 0
-128 -140 2
-127 -140 2
-81 -140 0
-70 -140 2
-66 -140 2
-48 -140 0
-47 -140 0
-45 -140 0
-38 -140 0
-35 -140 2
-27 -140 0
-16 -140 0
27 -140 0
88 -140 2
90 -140 0
103 -140 2
104 -140 0
113 -140 0
118 -140 2
121 -140 2
126 -140 0
129 -140 0
142 -140 0
-142 -139 0
-127 -139 0
-109 -139 0
-108 -139 2
-79 -139 0
-76 -139 2
-74 -139 0
-67 -139 2
-49 -139 0
-33 -139 2
22 -139 0
61 -139 0
63 -139 2
73 -139 0
78 -139 0
87 -139 0
96 -139 0
101 -139 0
102 -139 2
116 -139 0
117 -139 0
118 -139 0
121 -139 0
139 -139 0
-141 -138 0
-126 -138 0
-116 -138 0
-113 -138 0
-112 -138 0
-107 -138 0
-70 -138 0
-68 -138 0
-65 -138 0
-59 -138 0
-55 -138 0
-48 -138 0
-47 -138 2
-45 -138 0
-44 -138 2
-39 -138 0
-20 -138 0
15 -138 0
28 -138 0
62 -138 2
82 -138 0
86 -138 0
91 -138 0
92 -138 0
93 -138 0
108 -138 0
109 -138 0
115 -138 0
116 -138 2
135 -138 0
137 -138 0
139 -138 2
-142 -137 0
-130 -137 0
-125 -137 2
-110 -137 0
-107 -137 0
-76 -137 0
-66 -137 0
-54 -137 2
-53 -137 2
-46 -137 2
-42 -137 2
-41 -137 0
-25 -137 0
-23 -137 0
-22 -137 2
-19 -137 0
-17 -137 0
22 -137 0
70 -137 0
89 -137 0
95 -137 0
108 -137 0
109 -137 0
117 -137 0
119 -137 0
127 -137 0
142 -137 2
-119 -136 0
-115 -136 0
-80 -136 0
-71 -136 0
-65 -136 0
-56 -136 0
-47 -136 2
-45 -136 0
-42 -136 0
-34 -136 0
-31 -136 2
-28 -136 0
-13 -136 0
14 -136 0
18 -136 0
63 -136 0
77 -136 0
87 -136 2
131 -136 0
134 -136 0
-130 -135 0
-117 -135 0
-76 -135 0
-74 -135 2
-68 -135 0
-63 -135 0
-59 -135 0
-56 -135 0
-48 -135 0
-40 -135 2
-16 -135 0
-14 -135 0
18 -135 0
23 -135 0
66 -135 2
71 -135 0
72 -135 0
85 -135 0
90 -135 0
91 -135 0
105 -135 0
107 -135 0
109 -135 0
111 -135 0
127 -135 0
-125 -134 0
-120 -134 2
-118 -134 0
-63 -134 0
-61 -134 0
-60 -134 0
-37 -134 2
-35 -134 0
-30 -134 0
-18 -134 0
17 -134 0
64 -134 0
73 -134 0
87 -134 0
93 -134 0
94 -134 0
101 -134 0
117 -134 0
122 -134 2
126 -134 2
131 -134 0
136 -134 2
-141 -133 2
-131 -133 0
-108 -133 0
-78 -133 0
-73 -133 0
-55 -133 0
-31 -133 0
-27 -133 2
-25 -133 2
17 -133 0
18 -133 0
62 -133 0
91 -133 2
95 -133 0
97 -133 2
107 -133 0
114 -133 0
116 -133 0
119 -133 0
124 -133 0
-114 -132 0
-109 -132 0
-67 -132 0
-58 -132 0
-51 -132 0
-36 -132 0
-35 -132 2
-33 -132 2
-31 -132 0
-30 -132 0
-29 -132 0
-24 -132 0
-12 -132 0
11 -132 0
14 -132 0
18 -132 0
22 -132 2
67 -132 0
76 -132 0
78 -132 0
83 -132 2
89 -132 0
93 -132 0
94 -132 0
110 -132 0
121 -132 2
124 -132 0
125 -132 0
126 -132 0
132 -132 0
133 -132 0
-139 -131 0
-131 -131 0
-128 -131 0
-127 -131 2
-124 -131 0
-119 -131 0
-118 -131 0
-59 -131 0
-45 -131 0
-41 -131 0
-40 -131 0
-33 -131 2
17 -131 0
65 -131 2
75 -131 2
79 -131 0
81 -131 2
84 -131 2
86 -131 0
95 -131 0
96 -131 0
101 -131 0
106 -131 0
110 -131 2
115 -131 2
124 -131 0
140 -131 0
-123 -130 2
-111 -130 0
-74 -130 0
-71 -130 0
-64 -130 0
-53 -130 0
-28 -130 0
-25 -130 0
-22 -130 0
-18 -130 2
-13 -130 0
-8 -130 2
13 -130 0
17 -130 0
18 -130 2
22 -130 0
30 -130 0
69 -130 0
74 -130 2
82 -130 0
89 -130 0
90 -130 2
126 -130 2
131 -130 2
136 -130 0
137 -130 0
144 -130 0
-141 -129 0
-130 -129 0
-126 -129 0
-78 -129 0
-76 -129 0
-41 -129 2
-29 -129 0
-19 -129 0
11 -129 0
18 -129 0
22 -129 0
27 -129 2
31 -129 0
74 -129 0
75 -129 0
87 -129 0
111 -129 0
112 -129 0
117 -129 0
119 -129 2
121 -129 0
123 -129 2
126 -129 0
131 -129 0
-139 -128 0
-120 -128 0
-63 -128 0
-34 -128 0
-33 -128 2
-29 -128 0
-13 -128 0
-12 -128 0
-7 -128 2
-2 -128 0
3 -128 0
6 -128 0
26 -128 0
27 -128 2
28 -128 0
75 -128 2
93 -128 0
101 -128 0
104 -128 2
105 -128 0
107 -128 0
113 -128 0
115 -128 0
118 -128 2
140 -128 0
-136 -127 0
-131 -127 0
-119 -127 0
-111 -127 0
-73 -127 0
-69 -127 2
-62 -127 0
-61 -127 2
-59 -127 0
-47 -127 0
-33 -127 0
-18 -127 0
-17 -127 0
-9 -127 0
-5 -127 0
8 -127 2
11 -127 0
15 -127 2
20 -127 2
64 -127 0
69 -127 0
70 -127 0
76 -127 0
86 -127 0
87 -127 0
88 -127 0
89 -127 0
94 -127 2
114 -127 0
125 -127 0
132 -127 2
137 -127 2
-140 -126 2
-133 -126 2
-120 -126 0
-117 -126 0
-73 -126 0
-56 -126 0
-53 -126 2
-46 -126 0
-45 -126 2
-36 -126 0
-29 -126 0
-22 -126 0
-2 -126 0
2 -126 0
3 -126 0
10 -126 0
19 -126 0
21 -126 2
22 -126 0
29 -126 0
31 -126 0
65 -126 0
67 -126 0
75 -126 2
80 -126 2
91 -126 0
94 -126 0
123 -126 0
125 -126 0
135 -126 0
145 -126 0
-135 -125 0
-113 -125 0
-74 -125 0
-55 -125 0
-54 -125 0
-50 -125 0
-40 -125 0
-19 -125 0
-9 -125 2
-1 -125 0
3 -125 2
6 -125 2
12 -125 0
71 -125 2
76 -125 2
78 -125 0
79 -125 0
81 -125 0
91 -125 0
99 -125 0
103 -125 0
115 -125 0
121 -125 2
134 -125 0
143 -125 0
147 -125 0
-126 -124 0
-125 -124 0
-117 -124 0
-116 -124 0
-66 -124 2
-65 -124 0
-63 -124 2
-50 -124 0
-48 -124 0
-44 -124 0
-25 -124 0
-21 -124 0
-18 -124 0
-17 -124 0
-16 -124 0
3 -124 0
16 -124 0
17 -124 2
32 -124 0
33 -124 2
68 -124 0
80 -124 0
87 -124 0
94 -124 0
102 -124 0
117 -124 0
123 -124 0
125 -124 0
126 -124 0
133 -124 0
141 -124 0
-133 -123 0
-127 -123 0
-43 -123 0
-38 -123 0
-32 -123 0
-26 -123 2
-23 -123 0
-19 -123 0
-16 -123 0
-2 -123 2
6 -123 0
71 -123 0
73 -123 2
77 -123 0
78 -123 0
86 -123 0
87 -123 0
94 -123 0
95 -123 0
102 -123 0
110 -123 2
112 -123 2
131 -123 2
133 -123 0
142 -123 0
147 -123 0
148 -123 0
-125 -122 0
-124 -122 0
-62 -122 2
-45 -122 2
-43 -122 2
-41 -122 2
-36 -122 0
-32 -122 0
-27 -122 0
-26 -122 0
-20 -122 2
-14 -122 0
-11 -122 0
-7 -122 2
-6 -122 0
-5 -122 0
-1 -122 0
16 -122 0
29 -122 0
78 -122 0
85 -122 0
88 -122 0
92 -122 0
93 -122 0
95 -122 2
97 -122 2
115 -122 2
117 -122 0
130 -122 0
-41 -121 0
-32 -121 2
-15 -121 0
-5 -121 0
-2 -121 0
11 -121 2
16 -121 0
32 -121 0
69 -121 0
71 -121 0
83 -121 0
93 -121 0
102 -121 0
110 -121 0
114 -121 0
118 -121 0
137 -121 0
143 -121 0
150 -121 0
-28 -120 0
-24 -120 0
-22 -120 2
-15 -120 2
-9 -120 0
-7 -120 0
-3 -120 0
0 -120 0
9 -120 2
11 -120 0
20 -120 0
24 -120 0
29 -120 0
37 -120 0
75 -120 0
78 -120 0
80 -120 0
92 -120 2
115 -120 0
138 -120 0
-24 -119 2
-22 -119 0
-20 -119 0
-13 -119 0
7 -119 2
14 -119 2
21 -119 0
22 -119 0
28 -119 0
88 -119 0
90 -119 0
93 -119 2
101 -119 0
137 -119 0
141 -119 0
-36 -118 0
-28 -118 0
-17 -118 2
-6 -118 0
0 -118 0
10 -118 0
17 -118 0
26 -118 0
28 -118 0
63 -118 0
80 -118 0
86 -118 2
88 -118 0
93 -118 2
106 -118 0
139 -118 0
147 -118 0
-37 -117 0
-34 -117 0
-32 -117 0
-30 -117 2
-11 -117 0
-7 -117 0
-5 -117 0
2 -117 0
13 -117 0
17 -117 0
20 -117 0
23 -117 0
30 -117 0
35 -117 2
43 -117 0
81 -117 0
87 -117 2
106 -117 2
108 -117 0
110 -117 2
111 -117 0
138 -117 0
145 -117 0
147 -117 0
-35 -116 0
-30 -116 0
-24 -116 0
-19 -116 0
-15 -116 0
-7 -116 2
-4 -116 0
4 -116 0
40 -116 0
42 -116 0
65 -116 0
73 -116 0
78 -116 0
81 -116 0
82 -116 0
101 -116 0
102 -116 2
113 -116 0
138 -116 0
-35 -115 0
-28 -115 0
8 -115 0
13 -115 2
14 -115 0
20 -115 0
21 -115 0
26 -115 0
39 -115 2
44 -115 0
57 -115 0
68 -115 0
71 -115 2
75 -115 0
77 -115 0
78 -115 0
81 -115 0
110 -115 0
113 -115 0
141 -115 0
-28 -114 2
-27 -114 0
-25 -114 0
-17 -114 0
-4 -114 0
-3 -114 2
7 -114 0
11 -114 2
22 -114 0
48 -114 2
66 -114 0
67 -114 0
76 -114 0
78 -114 0
79 -114 2
83 -114 0
86 -114 0
94 -114 2
102 -114 0
111 -114 0
146 -114 0
148 -114 0
-16 -113 0
-15 -113 0
-3 -113 2
13 -113 0
16 -113 2
21 -113 2
23 -113 2
24 -113 0
26 -113 0
33 -113 0
37 -113 0
53 -113 2
63 -113 0
66 -113 0
84 -113 0
86 -113 0
94 -113 0
96 -113 0
98 -113 0
99 -113 0
106 -113 0
109 -113 0
142 -113 0
-27 -112 2
-20 -112 0
-19 -112 0
-8 -112 0
-5 -112 0
10 -112 0
12 -112 0
14 -112 0
15 -112 0
20 -112 0
37 -112 0
46 -112 0
53 -112 0
55 -112 0
68 -112 0
71 -112 0
72 -112 2
74 -112 2
87 -112 2
101 -112 0
106 -112 0
137 -112 0
144 -112 0
146 -112 0
-33 -111 0
-32 -111 0
-23 -111 0
-19 -111 0
-12 -111 0
12 -111 0
13 -111 0
14 -111 0
20 -111 2
27 -111 0
30 -111 2
35 -111 0
55 -111 0
60 -111 0
69 -111 2
75 -111 0
80 -111 0
81 -111 0
83 -111 0
84 -111 2
110 -111 0
147 -111 0
148 -111 0
-24 -110 0
-22 -110 0
-19 -110 0
-10 -110 0
-5 -110 0
-1 -110 2
15 -110 0
21 -110 0
27 -110 0
33 -110 0
47 -110 0
51 -110 0
55 -110 0
56 -110 0
61 -110 0
72 -110 0
74 -110 2
92 -110 0
94 -110 0
105 -110 0
106 -110 0
112 -110 0
-26 -109 2
-18 -109 0
-15 -109 2
-2 -109 0
1 -109 2
15 -109 0
20 -109 0
23 -109 0
37 -109 0
38 -109 2
45 -109 0
47 -109 0
50 -109 0
61 -109 0
62 -109 0
74 -109 0
81 -109 0
85 -109 2
86 -109 0
98 -109 0
104 -109 0
140 -109 0
143 -109 0
145 -109 0
-28 -108 0
-26 -108 0
-22 -108 0
-14 -108 0
-11 -108 0
-1 -108 0
18 -108 0
41 -108 2
57 -108 2
58 -108 2
60 -108 0
63 -108 0
70 -108 0
87 -108 0
95 -108 2
112 -108 0
139 -108 0
142 -108 2
144 -108 0
-11 -107 0
-10 -107 0
0 -107 0
23 -107 0
25 -107 0
54 -107 0
59 -107 0
69 -107 0
72 -107 0
86 -107 0
94 -107 0
95 -107 0
105 -107 0
145 -107 0
-29 -106 0
-21 -106 2
-19 -106 0
-17 -106 2
-13 -106 0
-10 -106 0
-7 -106 2
-3 -106 0
1 -106 0
3 -106 0
7 -106 2
13 -106 0
23 -106 0
24 -106 2
28 -106 0
31 -106 0
47 -106 0
49 -106 0
59 -106 0
68 -106 0
69 -106 0
70 -106 0
83 -106 0
93 -106 0
108 -106 0
140 -106 0
142 -106 0
149 -106 0
-30 -105 2
-25 -105 0
-18 -105 0
-13 -105 0
-11 -105 0
15 -105 0
20 -105 0
24 -105 0
36 -105 0
41 -105 0
59 -105 0
78 -105 2
92 -105 0
100 -105 0
101 -105 0
103 -105 0
109 -105 0
112 -105 2
142 -105 0
-30 -104 0
-25 -104 0
-24 -104 0
-20 -104 0
-16 -104 0
10 -104 0
23 -104 0
28 -104 0
35 -104 0
44 -104 0
48 -104 2
63 -104 0
73 -104 0
93 -104 2
95 -104 0
102 -104 2
109 -104 0
145 -104 0
-33 -103 2
-32 -103 0
-27 -103 2
-21 -103 2
-19 -103 2
-12 -103 0
-7 -103 0
9 -103 0
12 -103 0
19 -103 0
27 -103 0
37 -103 0
38 -103 0
40 -103 0
47 -103 2
50 -103 0
52 -103 0
54 -103 0
55 -103 0
59 -103 0
71 -103 0
72 -103 2
74 -103 2
87 -103 0
88 -103 0
90 -103 0
97 -103 0
101 -103 0
102 -103 0
143 -103 0
149 -103 0
-32 -102 0
-29 -102 0
-27 -102 0
-22 -102 0
-15 -102 0
-12 -102 0
-4 -102 0
6 -102 2
26 -102 0
33 -102 2
41 -102 2
43 -102 0
48 -102 0
50 -102 0
56 -102 0
63 -102 0
67 -102 0
69 -102 0
75 -102 0
77 -102 0
79 -102 2
81 -102 0
82 -102 0
97 -102 0
111 -102 0
143 -102 2
144 -102 0
150 -102 2
-31 -101 2
-25 -101 0
-18 -101 0
1 -101 0
3 -101 0
12 -101 0
13 -101 0
22 -101 2
26 -101 0
49 -101 0
54 -101 0
58 -101 0
77 -101 0
88 -101 0
90 -101 0
91 -101 0
141 -101 0
147 -101 0
-17 -100 0
-3 -100 0
11 -100 0
36 -100 0
48 -100 0
49 -100 2
63 -100 0
69 -100 0
71 -100 0
82 -100 0
96 -100 0
-33 -99 0
-32 -99 0
-19 -99 0
-15 -99 0
-6 -99 0
-4 -99 2
23 -99 0
27 -99 0
28 -99 0
38 -99 0
43 -99 0
50 -99 0
51 -99 0
72 -99 0
73 -99 0
83 -99 2
99 -99 0
144 -99 0
-28 -98 0
-14 -98 0
-12 -98 0
-6 -98 2
6 -98 0
19 -98 0
22 -98 0
27 -98 0
29 -98 0
41 -98 0
45 -98 2
63 -98 0
65 -98 0
77 -98 0
86 -98 0
89 -98 0
90 -98 0
96 -98 0
101 -98 0
110 -98 0
118 -98 0
135 -98 2
150 -98 0
-30 -97 0
-27 -97 0
-26 -97 2
-18 -97 0
-17 -97 0
-12 -97 0
-9 -97 0
-2 -97 0
2 -97 2
5 -97 2
10 -97 0
26 -97 0
29 -97 0
42 -97 0
66 -97 0
80 -97 0
81 -97 0
87 -97 0
90 -97 0
104 -97 0
114 -97 0
126 -97 0
146 -97 0
147 -97 0
150 -97 0
-87 -96 0
-31 -96 2
-29 -96 2
-25 -96 0
-23 -96 0
-13 -96 0
-11 -96 2
-8 -96 2
-7 -96 2
30 -96 0
36 -96 0
79 -96 0
103 -96 2
107 -96 0
117 -96 0
124 -96 0
130 -96 0
131 -96 0
136 -96 0
143 -96 0
148 -96 0
-100 -95 0
-98 -95 0
-81 -95 0
-33 -95 0
-12 -95 0
-9 -95 2
12 -95 0
13 -95 0
21 -95 0
41 -95 0
75 -95 0
83 -95 0
100 -95 2
114 -95 0
121 -95 0
-78 -94 0
-77 -94 0
-34 -94 0
-17 -94 0
-6 -94 0
15 -94 2
18 -94 0
22 -94 2
23 -94 2
26 -94 0
30 -94 0
43 -94 0
81 -94 0
84 -94 0
124 -94 0
150 -94 2
-106 -93 0
-95 -93 2
-90 -93 0
-89 -93 2
-87 -93 2
-77 -93 0
-73 -93 0
-72 -93 0
-5 -93 2
-3 -93 0
-2 -93 0
17 -93 2
23 -93 0
24 -93 0
39 -93 2
42 -93 0
88 -93 0
89 -93 0
138 -93 0
140 -93 0
141 -93 0
-107 -92 0
-100 -92 0
-93 -92 0
-90 -92 0
-86 -92 0
-73 -92 0
-72 -92 2
-34 -92 2
-31 -92 0
-30 -92 2
-25 -92 2
-21 -92 2
-11 -92 0
-7 -92 0
-4 -92 0
8 -92 0
19 -92 0
28 -92 0
29 -92 0
39 -92 0
40 -92 0
93 -92 0
94 -92 2
96 -92 0
98 -92 0
110 -92 0
114 -92 0
121 -92 0
123 -92 0
129 -92 2
134 -92 0
136 -92 0
140 -92 0
-106 -91 0
-100 -91 0
-95 -91 2
-87 -91 0
-85 -91 0
-84 -91 0
-77 -91 0
-64 -91 0
-33 -91 0
-27 -91 0
-26 -91 2
-25 -91 0
-21 -91 0
-13 -91 2
10 -91 0
32 -91 0
35 -91 0
91 -91 0
101 -91 0
104 -91 2
108 -91 0
120 -91 0
123 -91 2
124 -91 0
125 -91 2
135 -91 0
144 -91 0
-106 -90 0
-99 -90 0
-98 -90 0
-93 -90 2
-87 -90 0
-78 -90 0
-76 -90 0
-73 -90 0
-68 -90 0
-66 -90 0
-23 -90 0
-19 -90 0
-14 -90 0
-5 -90 0
-4 -90 0
10 -90 0
12 -90 0
14 -90 0
100 -90 0
104 -90 0
110 -90 2
115 -90 0
125 -90 0
128 -90 0
149 -90 2
-105 -89 0
-104 -89 0
-99 -89 0
-90 -89 0
-74 -89 0
-73 -89 0
-70 -89 0
-62 -89 0
-24 -89 0
-21 -89 0
-19 -89 0
9 -89 0
12 -89 0
105 -89 2
114 -89 0
118 -89 0
124 -89 2
129 -89 0
131 -89 0
134 -89 0
145 -89 2
-93 -88 2
-92 -88 0
-86 -88 0
-81 -88 0
-80 -88 0
-69 -88 0
-65 -88 2
-58 -88 0
-14 -88 0
-11 -88 2
-6 -88 2
8 -88 0
120 -88 0
121 -88 2
132 -88 2
136 -88 2
137 -88 0
140 -88 0
-109 -87 0
-105 -87 0
-99 -87 0
-96 -87 2
-78 -87 0
-67 -87 0
-60 -87 0
-35 -87 0
-29 -87 0
-28 -87 0
-27 -87 0
-10 -87 0
-1 -87 2
3 -87 0
109 -87 0
111 -87 2
117 -87 0
125 -87 0
128 -87 0
129 -87 0
133 -87 2
-103 -86 0
-96 -86 0
-86 -86 0
-82 -86 0
-80 -86 0
-68 -86 0
-67 -86 2
-63 -86 2
-59 -86 0
-20 -86 0
-16 -86 0
-4 -86 0
0 -86 0
7 -86 0
126 -86 2
138 -86 0
141 -86 0
-106 -85 0
-102 -85 0
-97 -85 0
-96 -85 0
-95 -85 0
-92 -85 2
-77 -85 0
-75 -85 0
-63 -85 0
-56 -85 0
-52 -85 2
-32 -85 0
-25 -85 2
-13 -85 0
107 -85 0
108 -85 2
111 -85 0
115 -85 0
118 -85 0
134 -85 0
139 -85 0
-111 -84 0
-101 -84 0
-94 -84 0
-82 -84 0
-79 -84 0
-74 -84 2
-73 -84 0
-72 -84 2
-65 -84 0
-32 -84 0
-20 -84 0
-17 -84 2
-10 -84 2
1 -84 2
108 -84 0
109 -84 0
131 -84 0
140 -84 0
141 -84 0
-99 -83 0
-97 -83 2
-96 -83 0
-85 -83 2
-83 -83 0
-78 -83 0
-73 -83 2
-67 -83 0
-57 -83 2
-52 -83 2
-48 -83 2
-33 -83 0
-32 -83 2
-30 -83 2
-20 -83 0
-14 -83 0
108 -83 0
131 -83 0
140 -83 0
-89 -82 0
-77 -82 2
-73 -82 0
-51 -82 2
-48 -82 0
-45 -82 0
-43 -82 2
-36 -82 0
-33 -82 0
-26 -82 0
-23 -82 0
-15 -82 0
-14 -82 0
-12 -82 2
-3 -82 0
4 -82 0
106 -82 0
107 -82 0
108 -82 0
109 -82 2
116 -82 2
121 -82 0
123 -82 2
-102 -81 2
-95 -81 2
-94 -81 2
-93 -81 0
-92 -81 0
-90 -81 2
-87 -81 0
-85 -81 0
-80 -81 0
-79 -81 0
-66 -81 2
-48 -81 0
-42 -81 0
-32 -81 0
-17 -81 2
-12 -81 0
-11 -81 0
-9 -81 0
106 -81 0
122 -81 0
130 -81 2
135 -81 0
141 -81 0
-105 -80 2
-97 -80 0
-92 -80 0
-90 -80 0
-88 -80 2
-87 -80 0
-82 -80 2
-78 -80 2
-74 -80 2
-57 -80 0
-37 -80 0
-33 -80 0
-30 -80 0
-21 -80 0
-9 -80 0
111 -80 0
115 -80 2
122 -80 0
127 -80 2
131 -80 2
132 -80 0
137 -80 0
-105 -79 0
-79 -79 0
-72 -79 2
-66 -79 0
-61 -79 0
-51 -79 2
-48 -79 0
-47 -79 2
-39 -79 0
-19 -79 0
-18 -79 0
113 -79 2
115 -79 2
119 -79 0
130 -79 0
142 -79 0
-111 -78 2
-93 -78 0
-85 -78 2
-82 -78 0
-73 -78 0
-71 -78 0
-67 -78 2
-63 -78 0
-57 -78 0
-56 -78 2
-54 -78 2
-47 -78 2
-31 -78 0
-30 -78 0
-15 -78 0
-13 -78 2
111 -78 0
124 -78 2
132 -78 0
138 -78 0
142 -78 2
-104 -77 0
-102 -77 0
-101 -77 0
-94 -77 0
-85 -77 0
-76 -77 0
-72 -77 0
-70 -77 2
-68 -77 0
-58 -77 0
-50 -77 0
-32 -77 2
-26 -77 0
-24 -77 2
-22 -77 2
108 -77 0
110 -77 2
135 -77 2
138 -77 2
-100 -76 2
-98 -76 0
-68 -76 0
-67 -76 2
-63 -76 0
-57 -76 0
-56 -76 0
-42 -76 0
-29 -76 2
-27 -76 0
-25 -76 0
-22 -76 0
-14 -76 0
-10 -76 0
-5 -76 0
112 -76 2
125 -76 0
127 -76 0
141 -76 2
-112 -75 0
-108 -75 0
-97 -75 2
-61 -75 0
-48 -75 0
-47 -75 0
-46 -75 0
-42 -75 0
-36 -75 2
-35 -75 2
-20 -75 0
-3 -75 0
111 -75 0
115 -75 2
124 -75 2
130 -75 2
142 -75 0
-108 -74 0
-105 -74 0
-94 -74 0
-55 -74 2
-52 -74 0
-47 -74 0
-45 -74 2
-18 -74 0
108 -74 0
114 -74 0
121 -74 2
130 -74 2
132 -74 2
-109 -73 0
-96 -73 0
-95 -73 2
-91 -73 2
-90 -73 0
-73 -73 0
-64 -73 0
-63 -73 0
-61 -73 2
-56 -73 0
-50 -73 0
-26 -73 0
-22 -73 0
-17 -73 2
1 -73 0
113 -73 2
126 -73 0
135 -73 0
138 -73 0
-110 -72 0
-101 -72 0
-88 -72 2
-81 -72 0
-71 -72 2
-67 -72 2
-64 -72 0
-61 -72 0
-53 -72 2
-52 -72 0
-46 -72 0
-41 -72 0
-32 -72 0
-23 -72 0
-15 -72 2
-11 -72 0
-5 -72 2
0 -72 0
2 -72 0
115 -72 2
119 -72 2
132 -72 0
135 -72 2
137 -72 0
-112 -71 2
-106 -71 0
-101 -71 0
-93 -71 0
-84 -71 0
-82 -71 0
-54 -71 2
-48 -71 0
-44 -71 0
-38 -71 2
-33 -71 2
-31 -71 0
-16 -71 2
-10 -71 0
-6 -71 2
0 -71 0
109 -71 0
111 -71 2
113 -71 2
134 -71 2
135 -71 0
144 -71 0
-94 -70 0
-89 -70 0
-87 -70 0
-82 -70 2
-79 -70 0
-70 -70 2
-68 -70 0
-63 -70 0
-49 -70 0
-48 -70 2
-37 -70 0
-25 -70 0
-16 -70 2
-15 -70 0
-13 -70 0
-8 -70 0
0 -70 0
109 -70 0
134 -70 2
135 -70 0
137 -70 0
-114 -69 0
-103 -69 0
-93 -69 2
-72 -69 0
-70 -69 0
-57 -69 0
-51 -69 0
-45 -69 0
-41 -69 0
-36 -69 0
-27 -69 2
-25 -69 0
-17 -69 2
-10 -69 0
119 -69 2
128 -69 0
129 -69 0
132 -69 0
140 -69 0
143 -69 0
-112 -68 0
-105 -68 0
-97 -68 0
-95 -68 0
-94 -68 0
-80 -68 0
-76 -68 0
-66 -68 0
-65 -68 0
-63 -68 0
-54 -68 0
-31 -68 0
-23 -68 2
-20 -68 0
-18 -68 0
-17 -68 0
107 -68 0
109 -68 2
115 -68 0
119 -68 0
136 -68 0
142 -68 2
-150 -67 0
-118 -67 0
-110 -67 0
-98 -67 0
-97 -67 0
-89 -67 0
-80 -67 0
-71 -67 0
-51 -67 2
-43 -67 2
-40 -67 2
-37 -67 2
-29 -67 0
-26 -67 0
-16 -67 0
1 -67 0
2 -67 0
123 -67 0
138 -67 2
140 -67 2
-146 -66 0
-144 -66 0
-113 -66 0
-97 -66 0
-86 -66 0
-82 -66 2
-81 -66 0
-69 -66 2
-62 -66 0
-60 -66 2
-58 -66 0
-52 -66 0
-51 -66 0
-30 -66 2
-28 -66 0
-20 -66 0
-10 -66 0
-3 -66 0
-2 -66 0
107 -66 0
110 -66 0
112 -66 2
132 -66 0
-147 -65 0
-146 -65 2
-145 -65 0
-144 -65 0
-130 -65 0
-127 -65 0
-112 -65 0
-110 -65 2
-85 -65 0
-82 -65 0
-67 -65 0
-61 -65 2
-58 -65 0
-54 -65 0
-33 -65 0
-27 -65 0
-24 -65 2
-10 -65 0
-5 -65 0
62 -65 0
67 -65 0
107 -65 0
113 -65 0
116 -65 0
134 -65 0
137 -65 0
141 -65 0
-149 -64 0
-141 -64 0
-132 -64 0
-125 -64 0
-124 -64 0
-113 -64 0
-108 -64 0
-99 -64 0
-98 -64 0
-97 -64 0
-91 -64 0
-90 -64 2
-88 -64 0
-66 -64 0
-31 -64 2
-23 -64 2
-21 -64 0
-20 -64 2
-19 -64 0
-6 -64 0
2 -64 0
51 -64 0
57 -64 0
59 -64 0
60 -64 0
66 -64 0
67 -64 0
114 -64 0
117 -64 0
130 -64 0
135 -64 0
-135 -63 0
-127 -63 0
-122 -63 2
-121 -63 0
-117 -63 0
-111 -63 0
-107 -63 2
-96 -63 0
-79 -63 0
-77 -63 2
-76 -63 0
-75 -63 0
-69 -63 0
-67 -63 2
-44 -63 2
-34 -63 0
-26 -63 2
-16 -63 0
2 -63 0
53 -63 0
56 -63 0
62 -63 0
122 -63 2
-144 -62 0
-143 -62 0
-139 -62 0
-132 -62 2
-111 -62 0
-106 -62 2
-105 -62 0
-97 -62 0
-96 -62 0
-92 -62 0
-85 -62 2
-63 -62 0
-55 -62 0
-42 -62 0
-37 -62 0
-32 -62 0
-30 -62 0
-26 -62 0
-3 -62 0
1 -62 2
47 -62 2
51 -62 0
56 -62 0
64 -62 0
65 -62 0
71 -62 2
117 -62 0
118 -62 0
120 -62 0
126 -62 0
127 -62 0
139 -62 0
141 -62 0
-135 -61 0
-124 -61 0
-114 -61 0
-113 -61 2
-102 -61 0
-96 -61 0
-85 -61 2
-75 -61 0
-73 -61 0
-70 -61 0
-64 -61 0
-62 -61 0
-58 -61 0
-52 -61 2
-35 -61 0
-31 -61 0
-15 -61 0
-11 -61 0
-8 -61 2
2 -61 0
42 -61 2
50 -61 0
58 -61 0
65 -61 0
76 -61 0
111 -61 0
112 -61 2
141 -61 0
-147 -60 0
-131 -60 2
-125 -60 2
-121 -60 2
-116 -60 2
-112 -60 0
-109 -60 0
-108 -60 2
-98 -60 0
-94 -60 2
-89 -60 0
-76 -60 0
-63 -60 0
-61 -60 0
-59 -60 0
-50 -60 2
-48 -60 0
-45 -60 0
-30 -60 0
-29 -60 0
-25 -60 0
-4 -60 2
-3 -60 0
49 -60 2
50 -60 0
52 -60 2
55 -60 0
58 -60 0
59 -60 2
63 -60 0
104 -60 0
106 -60 2
135 -60 0
-140 -59 0
-136 -59 0
-134 -59 0
-128 -59 0
-126 -59 2
-122 -59 0
-120 -59 2
-107 -59 0
-104 -59 2
-90 -59 0
-81 -59 0
-73 -59 0
-57 -59 2
-53 -59 0
-49 -59 2
-37 -59 0
-35 -59 0
-33 -59 0
-24 -59 0
-15 -59 0
-13 -59 0
-8 -59 2
47 -59 0
49 -59 2
51 -59 0
63 -59 0
65 -59 0
73 -59 0
106 -59 2
107 -59 2
109 -59 0
114 -59 0
119 -59 0
131 -59 0
135 -59 0
-132 -58 0
-129 -58 0
-122 -58 0
-120 -58 0
-90 -58 0
-82 -58 0
-76 -58 0
-73 -58 2
-44 -58 0
-43 -58 2
-36 -58 0
-23 -58 0
-7 -58 2
-5 -58 0
46 -58 2
56 -58 0
57 -58 0
67 -58 0
68 -58 0
75 -58 0
82 -58 0
117 -58 0
-150 -57 2
-145 -57 2
-144 -57 0
-139 -57 0
-138 -57 0
-129 -57 0
-128 -57 0
-126 -57 0
-117 -57 0
-112 -57 0
-109 -57 2
-100 -57 0
-92 -57 0
-88 -57 0
-86 -57 0
-75 -57 0
-46 -57 0
-40 -57 0
-24 -57 2
-20 -57 0
-9 -57 0
-7 -57 0
-3 -57 0
2 -57 2
42 -57 0
52 -57 2
56 -57 2
60 -57 0
75 -57 2
76 -57 0
82 -57 0
105 -57 0
108 -57 0
110 -57 2
139 -57 0
-150 -56 0
-145 -56 0
-139 -56 0
-136 -56 0
-128 -56 0
-127 -56 2
-121 -56 0
-118 -56 2
-113 -56 0
-111 -56 0
-103 -56 0
-102 -56 2
-95 -56 0
-77 -56 0
-53 -56 0
-45 -56 0
-43 -56 0
-23 -56 2
-19 -56 0
-18 -56 2
42 -56 2
50 -56 0
58 -56 0
60 -56 2
66 -56 2
67 -56 0
84 -56 0
86 -56 0
112 -56 0
137 -56 0
146 -56 0
-137 -55 2
-135 -55 0
-126 -55 2
-104 -55 0
-103 -55 0
-77 -55 0
-76 -55 0
-41 -55 2
-30 -55 0
-29 -55 0
-25 -55 0
-15 -55 0
-14 -55 0
-11 -55 0
40 -55 0
41 -55 0
42 -55 2
47 -55 0
50 -55 0
51 -55 2
62 -55 2
67 -55 0
76 -55 0
95 -55 2
139 -55 0
146 -55 0
-139 -54 0
-130 -54 0
-110 -54 2
-92 -54 0
-87 -54 0
-74 -54 0
-47 -54 2
-46 -54 2
-41 -54 2
-35 -54 0
-13 -54 0
-2 -54 0
34 -54 0
50 -54 0
61 -54 2
63 -54 0
64 -54 0
67 -54 0
84 -54 0
97 -54 0
103 -54 0
106 -54 0
107 -54 2
-143 -53 0
-138 -53 2
-119 -53 2
-116 -53 0
-115 -53 0
-111 -53 2
-110 -53 0
-108 -53 0
-95 -53 0
-80 -53 0
-47 -53 2
-43 -53 0
-22 -53 2
-7 -53 0
-5 -53 0
39 -53 0
51 -53 0
63 -53 0
65 -53 0
72 -53 0
77 -53 0
92 -53 0
98 -53 2
106 -53 0
110 -53 0
111 -53 0
112 -53 0
-148 -52 0
-126 -52 0
-106 -52 0
-94 -52 0
-90 -52 0
-88 -52 2
-87 -52 0
-80 -52 0
-79 -52 0
-40 -52 0
-39 -52 0
-36 -52 2
-35 -52 0
-22 -52 0
-4 -52 0
34 -52 0
42 -52 0
44 -52 0
50 -52 0
52 -52 0
53 -52 2
59 -52 0
61 -52 0
70 -52 0
76 -52 0
81 -52 0
86 -52 0
91 -52 2
95 -52 0
96 -52 2
101 -52 0
109 -52 0
-147 -51 0
-129 -51 2
-127 -51 0
-124 -51 0
-122 -51 0
-114 -51 0
-110 -51 0
-107 -51 2
-99 -51 0
-96 -51 0
-93 -51 0
-80 -51 0
-77 -51 0
-45 -51 0
-35 -51 0
-34 -51 0
-32 -51 0
-27 -51 0
-21 -51 0
33 -51 0
48 -51 0
58 -51 0
78 -51 2
83 -51 0
105 -51 2
106 -51 0
112 -51 0
139 -51 0
141 -51 0
145 -51 0
-149 -50 0
-143 -50 0
-123 -50 2
-109 -50 0
-106 -50 0
-96 -50 0
-93 -50 2
-87 -50 2
-77 -50 0
-50 -50 0
-49 -50 0
-44 -50 0
-43 -50 0
-32 -50 2
-31 -50 2
-21 -50 0
-17 -50 0
-15 -50 2
-8 -50 0
35 -50 0
40 -50 0
45 -50 0
57 -50 2
62 -50 0
65 -50 0
67 -50 0
69 -50 0
70 -50 0
73 -50 0
78 -50 2
80 -50 0
90 -50 0
92 -50 0
98 -50 0
111 -50 0
139 -50 0
-121 -49 0
-113 -49 0
-103 -49 0
-96 -49 0
-91 -49 0
-84 -49 0
-83 -49 0
-81 -49 0
-80 -49 0
-50 -49 0
-41 -49 0
-38 -49 0
-36 -49 0
-31 -49 2
-21 -49 0
-15 -49 2
-14 -49 2
-7 -49 0
-6 -49 0
-2 -49 0
33 -49 2
36 -49 0
38 -49 0
52 -49 0
72 -49 0
76 -49 0
80 -49 0
111 -49 2
148 -49 2
150 -49 0
-129 -48 0
-120 -48 0
-119 -48 2
-114 -48 0
-103 -48 0
-101 -48 2
-100 -48 2
-91 -48 0
-88 -48 0
-84 -48 0
-82 -48 0
-79 -48 0
-45 -48 0
-39 -48 0
-28 -48 0
-10 -48 0
55 -48 2
60 -48 0
69 -48 0
71 -48 2
73 -48 0
74 -48 0
88 -48 0
91 -48 0
93 -48 0
137 -48 0
140 -48 2
144 -48 0
150 -48 0
-148 -47 0
-146 -47 0
-138 -47 0
-130 -47 0
-122 -47 0
-121 -47 2
-120 -47 0
-117 -47 0
-108 -47 2
-103 -47 2
-99 -47 0
-34 -47 0
-17 -47 0
-8 -47 0
-4 -47 0
34 -47 2
45 -47 0
51 -47 0
54 -47 0
56 -47 0
81 -47 0
85 -47 2
86 -47 2
94 -47 0
105 -47 0
113 -47 2
138 -47 0
-150 -46 2
-139 -46 0
-137 -46 0
-119 -46 0
-86 -46 2
-84 -46 0
-79 -46 2
-76 -46 2
-32 -46 0
-29 -46 2
-27 -46 0
-5 -46 0
-1 -46 0
47 -46 0
49 -46 0
55 -46 0
70 -46 0
81 -46 0
84 -46 0
87 -46 0
94 -46 0
101 -46 0
115 -46 0
143 -46 0
149 -46 0
-149 -45 0
-147 -45 0
-140 -45 0
-126 -45 2
-108 -45 0
-105 -45 0
-91 -45 0
-79 -45 0
-45 -45 0
-23 -45 0
-11 -45 0
-7 -45 2
31 -45 0
41 -45 0
50 -45 0
55 -45 2
79 -45 0
81 -45 0
83 -45 0
84 -45 0
86 -45 0
91 -45 0
101 -45 2
110 -45 2
115 -45 0
137 -45 0
-144 -44 2
-129 -44 2
-120 -44 2
-114 -44 0
-109 -44 0
-105 -44 0
-97 -44 0
-96 -44 0
-93 -44 0
-50 -44 0
-42 -44 0
-23 -44 0
38 -44 2
40 -44 0
43 -44 0
45 -44 0
49 -44 2
71 -44 0
89 -44 0
94 -44 0
99 -44 2
105 -44 0
132 -44 0
144 -44 0
-145 -43 0
-137 -43 0
-128 -43 2
-121 -43 0
-116 -43 0
-108 -43 0
-106 -43 0
-101 -43 0
-92 -43 0
-84 -43 2
-76 -43 0
-41 -43 2
-30 -43 0
-12 -43 0
-9 -43 0
-7 -43 0
-6 -43 2
33 -43 0
36 -43 0
47 -43 0
52 -43 0
68 -43 0
74 -43 0
81 -43 0
91 -43 0
119 -43 0
132 -43 2
148 -43 0
150 -43 0
-140 -42 0
-137 -42 2
-133 -42 0
-129 -42 0
-127 -42 2
-115 -42 0
-111 -42 2
-109 -42 0
-103 -42 0
-93 -42 2
-81 -42 0
-45 -42 2
-43 -42 0
-40 -42 0
-33 -42 0
-32 -42 0
-18 -42 2
-15 -42 0
30 -42 0
39 -42 0
44 -42 0
56 -42 0
58 -42 0
60 -42 0
65 -42 2
66 -42 2
67 -42 0
68 -42 0
72 -42 2
75 -42 0
106 -42 0
110 -42 0
113 -42 2
119 -42 0
121 -42 0
133 -42 0
136 -42 0
137 -42 0
148 -42 0
150 -42 0
-146 -41 0
-139 -41 0
-132 -41 0
-125 -41 0
-120 -41 0
-117 -41 0
-112 -41 0
-108 -41 0
-105 -41 0
-102 -41 0
-92 -41 0
-45 -41 2
-32 -41 2
-5 -41 2
-3 -41 0
30 -41 0
35 -41 0
44 -41 0
46 -41 0
52 -41 0
60 -41 0
66 -41 0
72 -41 0
98 -41 0
102 -41 0
116 -41 0
118 -41 0
127 -41 0
131 -41 0
132 -41 0
133 -41 2
138 -41 2
-148 -40 0
-144 -40 2
-143 -40 0
-142 -40 0
-140 -40 0
-137 -40 0
-133 -40 0
-125 -40 0
-109 -40 0
-108 -40 0
-100 -40 0
-49 -40 0
-38 -40 0
-35 -40 0
-33 -40 0
-25 -40 2
-21 -40 0
-20 -40 0
37 -40 0
41 -40 2
49 -40 0
54 -40 0
65 -40 0
69 -40 0
96 -40 0
97 -40 0
101 -40 0
102 -40 2
106 -40 0
116 -40 0
129 -40 0
137 -40 0
138 -40 0
143 -40 0
-148 -39 0
-118 -39 2
-116 -39 0
-103 -39 0
-96 -39 2
-88 -39 2
-82 -39 0
-39 -39 2
-36 -39 2
-34 -39 0
-28 -39 0
-19 -39 0
-11 -39 0
-9 -39 0
-7 -39 0
-4 -39 0
44 -39 0
51 -39 2
64 -39 0
74 -39 0
75 -39 0
108 -39 0
110 -39 2
112 -39 2
120 -39 0
141 -39 0
143 -39 0
148 -39 2
-147 -38 0
-142 -38 2
-134 -38 0
-119 -38 0
-117 -38 0
-100 -38 0
-93 -38 2
-90 -38 0
-43 -38 0
-42 -38 0
-10 -38 0
34 -38 2
37 -38 0
55 -38 0
56 -38 0
71 -38 0
91 -38 0
115 -38 0
116 -38 0
119 -38 0
122 -38 0
134 -38 0
144 -38 0
-147 -37 2
-145 -37 2
-140 -37 2
-139 -37 2
-125 -37 0
-102 -37 0
-100 -37 0
-86 -37 0
-81 -37 2
-31 -37 0
-30 -37 0
-28 -37 0
-21 -37 0
-8 -37 0
-6 -37 0
36 -37 2
54 -37 0
69 -37 0
71 -37 0
93 -37 2
105 -37 2
107 -37 2
111 -37 2
116 -37 2
117 -37 2
118 -37 0
134 -37 0
135 -37 0
-148 -36 2
-139 -36 0
-116 -36 0
-91 -36 0
-85 -36 0
-48 -36 0
-31 -36 0
-29 -36 2
-27 -36 0
-16 -36 0
-5 -36 0
34 -36 0
36 -36 0
43 -36 0
44 -36 0
48 -36 0
49 -36 0
54 -36 0
55 -36 0
58 -36 2
69 -36 0
70 -36 0
103 -36 0
128 -36 0
147 -36 0
-132 -35 0
-122 -35 0
-115 -35 0
-114 -35 2
-113 -35 0
-89 -35 0
-82 -35 0
-80 -35 2
-45 -35 0
-33 -35 0
-28 -35 0
-9 -35 0
-4 -35 0
56 -35 0
60 -35 2
65 -35 0
106 -35 0
110 -35 0
132 -35 0
133 -35 2
144 -35 0
147 -35 0
-139 -34 0
-134 -34 0
-112 -34 0
-109 -34 0
-94 -34 0
-93 -34 2
-88 -34 2
-86 -34 2
-48 -34 2
-46 -34 0
-45 -34 0
-39 -34 0
-35 -34 0
-19 -34 2
-16 -34 0
-10 -34 0
-7 -34 0
29 -34 0
34 -34 2
43 -34 2
45 -34 0
48 -34 0
61 -34 2
66 -34 0
97 -34 0
116 -34 0
123 -34 0
133 -34 0
140 -34 0
143 -34 0
149 -34 0
-150 -33 0
-144 -33 0
-141 -33 2
-140 -33 0
-137 -33 0
-128 -33 2
-115 -33 0
-108 -33 0
-99 -33 0
-82 -33 0
-81 -33 0
-80 -33 0
-79 -33 2
-39 -33 0
-30 -33 0
-23 -33 0
-21 -33 2
-10 -33 0
38 -33 0
39 -33 0
45 -33 0
49 -33 0
55 -33 0
56 -33 0
62 -33 0
70 -33 0
92 -33 0
94 -33 2
96 -33 0
102 -33 2
110 -33 0
114 -33 0
126 -33 2
130 -33 0
143 -33 0
-147 -32 2
-141 -32 0
-126 -32 2
-117 -32 0
-105 -32 0
-97 -32 2
-90 -32 0
-39 -32 0
-28 -32 0
-19 -32 0
-12 -32 0
-7 -32 2
33 -32 0
37 -32 0
39 -32 0
55 -32 0
96 -32 0
100 -32 2
104 -32 0
105 -32 2
119 -32 0
124 -32 0
128 -32 0
140 -32 2
-147 -31 0
-133 -31 0
-114 -31 0
-106 -31 0
-101 -31 0
-97 -31 0
-91 -31 0
-84 -31 0
-45 -31 0
-28 -31 0
-22 -31 0
-9 -31 0
-6 -31 0
39 -31 0
46 -31 0
54 -31 0
56 -31 0
66 -31 0
92 -31 0
109 -31 0
116 -31 0
117 -31 2
126 -31 0
140 -31 0
143 -31 0
-132 -30 0
-128 -30 0
-121 -30 2
-94 -30 0
-88 -30 2
-86 -30 0
-85 -30 0
-51 -30 0
-50 -30 0
-47 -30 0
-33 -30 0
-32 -30 2
-30 -30 2
-28 -30 2
-23 -30 2
-22 -30 0
-13 -30 0
-7 -30 2
-5 -30 0
30 -30 0
34 -30 0
40 -30 2
56 -30 0
57 -30 0
59 -30 0
94 -30 0
104 -30 2
105 -30 0
117 -30 0
122 -30 0
123 -30 0
140 -30 0
144 -30 0
-146 -29 0
-145 -29 0
-143 -29 0
-139 -29 2
-133 -29 2
-111 -29 0
-100 -29 0
-95 -29 0
-43 -29 0
-38 -29 0
-33 -29 0
-30 -29 0
-28 -29 0
-14 -29 2
-5 -29 2
33 -29 0
34 -29 0
42 -29 0
46 -29 0
50 -29 2
53 -29 0
61 -29 2
68 -29 0
98 -29 0
100 -29 2
108 -29 2
114 -29 0
122 -29 0
127 -29 2
142 -29 0
146 -29 0
-139 -28 0
-137 -28 0
-131 -28 0
-130 -28 0
-119 -28 0
-116 -28 0
-112 -28 0
-107 -28 0
-102 -28 0
-47 -28 0
-46 -28 2
-26 -28 0
-8 -28 0
58 -28 0
120 -28 2
129 -28 0
133 -28 0
137 -28 0
150 -28 0
-121 -27 0
-115 -27 0
-103 -27 0
-102 -27 0
-50 -27 0
-47 -27 0
-42 -27 0
-39 -27 0
-17 -27 0
-13 -27 2
31 -27 0
36 -27 2
39 -27 2
47 -27 0
58 -27 2
62 -27 0
66 -27 0
94 -27 0
108 -27 0
117 -27 0
120 -27 0
122 -27 0
128 -27 2
129 -27 2
133 -27 0
145 -27 0
-130 -26 0
-124 -26 0
-105 -26 2
-103 -26 2
-42 -26 2
-41 -26 0
-15 -26 0
-9 -26 0
29 -26 2
34 -26 0
37 -26 2
45 -26 0
58 -26 0
64 -26 0
105 -26 2
121 -26 0
124 -26 0
139 -26 0
150 -26 0
-131 -25 0
-123 -25 0
-122 -25 0
-113 -25 2
-106 -25 2
-105 -25 0
-55 -25 0
-52 -25 0
-47 -25 0
-43 -25 2
-16 -25 0
36 -25 2
38 -25 0
47 -25 0
59 -25 0
96 -25 0
97 -25 0
107 -25 0
110 -25 0
115 -25 0
124 -25 0
130 -25 0
136 -25 0
146 -25 0
-125 -24 0
-120 -24 0
-107 -24 0
-105 -24 0
-55 -24 0
-44 -24 0
-7 -24 0
-6 -24 0
34 -24 2
35 -24 0
36 -24 0
43 -24 0
50 -24 2
52 -24 0
53 -24 0
63 -24 2
64 -24 0
65 -24 0
92 -24 2
97 -24 0
106 -24 2
112 -24 0
147 -24 0
150 -24 0
-128 -23 0
-127 -23 0
-56 -23 0
-55 -23 0
-17 -23 0
-10 -23 0
-7 -23 0
35 -23 0
37 -23 2
51 -23 0
63 -23 0
95 -23 2
98 -23 0
101 -23 0
102 -23 0
106 -23 2
111 -23 2
112 -23 0
116 -23 0
117 -23 0
120 -23 2
124 -23 2
125 -23 2
133 -23 0
150 -23 0
-122 -22 2
-115 -22 2
-114 -22 0
-51 -22 0
-46 -22 0
-18 -22 2
-14 -22 0
-11 -22 0
-10 -22 0
29 -22 0
36 -22 0
39 -22 0
46 -22 2
94 -22 2
119 -22 0
125 -22 0
136 -22 2
138 -22 2
143 -22 0
-117 -21 2
-114 -21 2
-112 -21 2
-51 -21 0
-47 -21 2
-17 -21 0
-16 -21 0
-13 -21 0
-6 -21 0
38 -21 0
44 -21 2
49 -21 2
57 -21 0
61 -21 2
63 -21 0
98 -21 2
118 -21 0
131 -21 0
133 -21 0
136 -21 0
146 -21 2
147 -21 0
-120 -20 0
-106 -20 2
-47 -20 0
-6 -20 0
-5 -20 2
32 -20 0
101 -20 0
103 -20 0
105 -20 0
107 -20 0
119 -20 2
127 -20 2
145 -20 0
146 -20 0
-106 -19 0
-57 -19 0
-55 -19 0
-52 -19 0
-50 -19 0
-13 -19 0
37 -19 0
40 -19 2
51 -19 0
52 -19 0
59 -19 2
64 -19 2
118 -19 0
134 -19 0
137 -19 0
141 -19 0
150 -19 2
-115 -18 0
-108 -18 0
-106 -18 2
-60 -18 2
-54 -18 0
-50 -18 0
-17 -18 0
-9 -18 0
30 -18 0
32 -18 0
38 -18 0
40 -18 2
43 -18 0
48 -18 2
53 -18 0
58 -18 2
105 -18 0
108 -18 2
112 -18 0
113 -18 0
114 -18 2
119 -18 2
128 -18 2
133 -18 0
-115 -17 2
-61 -17 2
-59 -17 0
-20 -17 0
-15 -17 2
38 -17 0
48 -17 2
51 -17 0
57 -17 0
110 -17 0
113 -17 0
127 -17 0
135 -17 0
137 -17 0
138 -17 2
146 -17 0
147 -17 0
150 -17 0
-125 -16 2
-115 -16 0
-113 -16 0
-60 -16 0
-59 -16 0
-55 -16 2
-54 -16 0
-53 -16 0
-50 -16 0
-49 -16 2
-18 -16 0
-13 -16 0
-12 -16 2
-9 -16 0
-6 -16 0
54 -16 0
57 -16 0
101 -16 0
107 -16 0
110 -16 0
111 -16 0
123 -16 0
127 -16 0
141 -16 0
147 -16 0
150 -16 0
-116 -15 2
-109 -15 2
-106 -15 2
-62 -15 0
-51 -15 0
-45 -15 0
-18 -15 0
-16 -15 0
-15 -15 0
-10 -15 0
-9 -15 2
-8 -15 0
-2 -15 0
40 -15 0
42 -15 0
56 -15 0
58 -15 0
64 -15 2
100 -15 2
107 -15 0
109 -15 0
115 -15 2
117 -15 2
120 -15 2
123 -15 0
124 -15 0
134 -15 0
135 -15 2
142 -15 2
-126 -14 0
-125 -14 0
-124 -14 2
-123 -14 0
-119 -14 2
-111 -14 0
-57 -14 0
-55 -14 2
-42 -14 0
-22 -14 2
31 -14 2
41 -14 0
42 -14 0
43 -14 0
106 -14 0
107 -14 0
109 -14 0
112 -14 0
113 -14 0
147 -14 0
-125 -13 0
-117 -13 0
-114 -13 0
-113 -13 0
-111 -13 0
-13 -13 0
-9 -13 0
-6 -13 0
31 -13 0
37 -13 0
41 -13 0
47 -13 2
49 -13 2
55 -13 0
60 -13 2
136 -13 0
-125 -12 2
-115 -12 2
-112 -12 0
-110 -12 0
-57 -12 0
-45 -12 0
-38 -12 0
-15 -12 0
-9 -12 2
31 -12 0
39 -12 0
54 -12 0
112 -12 0
116 -12 0
128 -12 0
130 -12 2
139 -12 0
143 -12 0
147 -12 0
-122 -11 0
-58 -11 2
-55 -11 0
-53 -11 0
-45 -11 2
-42 -11 0
-30 -11 0
-4 -11 0
39 -11 0
58 -11 0
59 -11 2
64 -11 0
122 -11 0
126 -11 0
139 -11 0
143 -11 0
-107 -10 2
-56 -10 0
-46 -10 0
-38 -10 2
-31 -10 2
-29 -10 0
-27 -10 0
-16 -10 2
-8 -10 0
31 -10 0
51 -10 0
54 -10 0
58 -10 2
119 -10 0
120 -10 0
123 -10 2
141 -10 2
-118 -9 0
-116 -9 0
-62 -9 0
-60 -9 0
-53 -9 0
-41 -9 2
-34 -9 0
-17 -9 0
-12 -9 0
-6 -9 0
-5 -9 0
0 -9 0
29 -9 0
44 -9 2
49 -9 0
53 -9 0
55 -9 2
63 -9 2
124 -9 0
128 -9 2
129 -9 2
132 -9 0
137 -9 0
138 -9 0
141 -9 2
149 -9 0
-107 -8 2
-103 -8 0
-59 -8 0
-43 -8 0
-40 -8 0
-39 -8 0
-25 -8 0
-19 -8 0
-17 -8 0
-16 -8 0
-2 -8 0
33 -8 0
35 -8 0
36 -8 0
38 -8 0
45 -8 0
120 -8 0
124 -8 0
126 -8 2
128 -8 0
137 -8 0
-124 -7 0
-111 -7 2
-64 -7 0
-60 -7 2
-58 -7 0
-54 -7 0
-52 -7 0
-47 -7 0
-21 -7 0
-18 -7 0
-3 -7 0
-2 -7 2
42 -7 0
50 -7 2
57 -7 0
59 -7 0
128 -7 0
129 -7 2
140 -7 0
148 -7 0
-126 -6 0
-116 -6 0
-112 -6 0
-111 -6 0
-110 -6 0
-56 -6 0
-52 -6 0
-37 -6 0
-22 -6 2
-9 -6 0
-8 -6 2
-5 -6 0
36 -6 0
43 -6 0
62 -6 0
63 -6 0
123 -6 0
126 -6 0
136 -6 0
139 -6 0
145 -6 0
-119 -5 0
-111 -5 0
-107 -5 0
-104 -5 0
-102 -5 0
-55 -5 0
-34 -5 2
-32 -5 0
-21 -5 2
-14 -5 0
-4 -5 0
-1 -5 0
31 -5 0
36 -5 0
39 -5 0
57 -5 0
123 -5 0
126 -5 0
131 -5 0
141 -5 0
145 -5 2
-106 -4 0
-105 -4 0
-45 -4 0
-39 -4 0
-27 -4 0
-19 -4 2
-18 -4 0
-10 -4 0
-4 -4 0
-3 -4 0
34 -4 0
39 -4 0
48 -4 0
59 -4 0
60 -4 2
123 -4 0
124 -4 0
125 -4 0
127 -4 2
-126 -3 2
-124 -3 0
-120 -3 2
-109 -3 2
-107 -3 2
-106 -3 0
-102 -3 2
-46 -3 0
-44 -3 0
-39 -3 0
-29 -3 2
-25 -3 0
-21 -3 0
-20 -3 2
-19 -3 2
-4 -3 2
-2 -3 0
27 -3 0
28 -3 0
42 -3 0
51 -3 0
53 -3 0
56 -3 0
57 -3 0
136 -3 2
138 -3 0
142 -3 2
144 -3 2
148 -3 0
149 -3 0
-105 -2 0
-102 -2 0
-53 -2 0
-49 -2 0
-46 -2 2
-41 -2 0
-38 -2 0
-27 -2 0
-8 -2 0
36 -2 2
37 -2 2
40 -2 0
41 -2 2
143 -2 2
-122 -1 2
-120 -1 0
-115 -1 2
-109 -1 0
-55 -1 0
-42 -1 0
-19 -1 0
-16 -1 0
-15 -1 0
-12 -1 0
-8 -1 0
-7 -1 2
27 -1 0
48 -1 0
52 -1 0
62 -1 2
64 -1 2
132 -1 0
135 -1 0
146 -1 0
147 -1 0
-123 0 0
-111 0 0
-103 0 0
-48 0 0
-24 0 0
-22 0 2
-16 0 2
-15 0 0
-8 0 2
-3 0 0
3 0 0
25 0 0
38 0 2
43 0 2
48 0 0
54 0 0
57 0 0
59 0 0
62 0 0
123 0 2
124 0 0
128 0 2
138 0 0
143 0 0
145 0 0
149 0 0
-127 1 0
-116 1 0
-57 1 2
-39 1 2
-31 1 0
-29 1 0
-28 1 0
-27 1 0
-24 1 2
-20 1 0
-3 1 0
3 1 0
35 1 0
38 1 2
41 1 0
49 1 0
57 1 0
60 1 0
62 1 0
134 1 0
135 1 0
147 1 0
-128 2 0
-117 2 0
-114 2 0
-105 2 0
-102 2 0
-65 2 0
-62 2 2
-56 2 0
-54 2 0
-41 2 0
-36 2 0
-18 2 0
-1 2 0
26 2 0
32 2 2
34 2 0
42 2 0
44 2 2
50 2 0
53 2 0
65 2 0
136 2 0
143 2 2
-116 3 0
-110 3 0
-47 3 2
-44 3 0
-35 3 0
-26 3 0
-21 3 0
29 3 0
45 3 0
51 3 2
52 3 2
62 3 0
128 3 0
131 3 2
140 3 0
142 3 2
143 3 2
-111 4 0
-64 4 0
-58 4 0
-56 4 2
-50 4 0
-45 4 0
-32 4 0
-31 4 0
-12 4 0
-9 4 2
0 4 0
24 4 0
27 4 0
31 4 0
58 4 0
60 4 0
126 4 0
127 4 0
129 4 0
135 4 0
137 4 0
140 4 0
-122 5 0
-120 5 2
-104 5 0
-34 5 0
-22 5 2
-20 5 0
-6 5 0
29 5 0
37 5 0
43 5 0
46 5 0
65 5 0
127 5 0
134 5 0
148 5 0
-120 6 0
-118 6 0
-41 6 0
-30 6 0
-13 6 2
-10 6 0
-5 6 2
23 6 0
29 6 0
35 6 0
40 6 0
57 6 0
127 6 0
139 6 2
140 6 0
146 6 0
-117 7 0
-104 7 0
-55 7 2
-43 7 0
-23 7 0
-21 7 0
-19 7 0
-16 7 0
-4 7 0
1 7 2
22 7 0
24 7 0
35 7 0
40 7 0
44 7 0
56 7 0
131 7 0
136 7 0
137 7 0
139 7 0
140 7 0
145 7 0
-120 8 2
-117 8 0
-42 8 0
-29 8 0
-27 8 2
-25 8 2
-15 8 2
3 8 0
23 8 0
36 8 0
42 8 0
49 8 0
57 8 0
64 8 2
121 8 2
126 8 0
129 8 0
-126 9 0
-104 9 0
-61 9 0
-59 9 0
-48 9 0
-47 9 2
-43 9 2
-34 9 2
-30 9 0
-7 9 0
-2 9 0
0 9 0
28 9 0
44 9 0
47 9 0
53 9 0
61 9 2
121 9 0
134 9 0
135 9 0
137 9 0
140 9 0
142 9 0
144 9 0
146 9 2
-125 10 0
-123 10 0
-111 10 0
-57 10 2
-51 10 0
-50 10 0
-33 10 0
-28 10 0
-20 10 0
5 10 0
26 10 2
27 10 0
33 10 0
37 10 0
51 10 0
60 10 2
64 10 0
128 10 0
131 10 0
142 10 2
147 10 0
-114 11 0
-56 11 2
-55 11 2
-51 11 0
-46 11 0
-45 11 2
-42 11 0
-22 11 2
-9 11 2
-6 11 2
1 11 0
2 11 0
28 11 2
32 11 0
37 11 2
44 11 0
56 11 2
124 11 0
127 11 2
137 11 0
146 11 0
-125 12 0
-123 12 0
-118 12 2
-113 12 0
-104 12 2
-57 12 0
-44 12 0
-43 12 0
-35 12 2
-27 12 0
-25 12 0
-23 12 0
-18 12 0
3 12 0
5 12 2
13 12 2
21 12 0
45 12 0
48 12 0
49 12 0
52 12 0
60 12 0
115 12 0
143 12 0
145 12 2
-115 13 2
-106 13 0
-104 13 2
-53 13 2
-51 13 0
-42 13 0
-39 13 0
-37 13 0
-34 13 0
-30 13 0
-27 13 0
-14 13 0
-5 13 2
2 13 2
7 13 0
16 13 0
22 13 0
32 13 2
40 13 0
50 13 2
55 13 0
57 13 2
104 13 0
108 13 0
115 13 2
123 13 2
130 13 2
134 13 0
137 13 0
139 13 0
148 13 0
-120 14 0
-115 14 0
-113 14 0
-111 14 2
-60 14 2
-57 14 0
-52 14 0
-46 14 2
-38 14 0
-16 14 0
-12 14 2
-10 14 0
12 14 0
22 14 0
24 14 0
32 14 2
46 14 2
52 14 0
53 14 0
57 14 0
102 14 0
112 14 0
121 14 2
126 14 2
127 14 0
131 14 0
140 14 2
-123 15 0
-114 15 0
-111 15 0
-107 15 2
-48 15 0
-46 15 0
-45 15 0
-43 15 0
-42 15 0
-36 15 2
-34 15 0
-32 15 0
-18 15 2
-14 15 0
-13 15 2
-10 15 2
26 15 0
27 15 0
31 15 2
39 15 0
47 15 0
52 15 0
55 15 0
57 15 0
60 15 0
61 15 0
64 15 2
141 15 0
-123 16 0
-121 16 2
-119 16 2
-107 16 0
-56 16 0
-47 16 0
-33 16 2
-7 16 0
-3 16 0
4 16 0
10 16 2
13 16 2
18 16 0
22 16 0
26 16 2
29 16 2
32 16 0
51 16 0
57 16 0
58 16 0
97 16 2
113 16 2
114 16 0
118 16 0
134 16 2
141 16 0
148 16 2
-122 17 0
-121 17 0
-115 17 0
-113 17 2
-110 17 0
-47 17 2
-21 17 0
-13 17 0
-6 17 0
3 17 0
6 17 2
24 17 2
25 17 2
30 17 0
35 17 2
39 17 0
52 17 0
54 17 0
102 17 2
110 17 0
118 17 0
130 17 0
134 17 0
148 17 0
-54 18 0
-46 18 0
-40 18 0
-28 18 2
-27 18 2
-20 18 2
-13 18 0
-7 18 0
1 18 0
2 18 0
7 18 0
9 18 2
14 18 0
22 18 0
36 18 0
37 18 2
44 18 0
45 18 0
48 18 0
53 18 0
59 18 0
60 18 0
61 18 2
97 18 0
139 18 0
-116 19 0
-110 19 0
-40 19 2
-39 19 0
-31 19 0
-25 19 2
-19 19 2
-18 19 0
-12 19 0
-11 19 2
-2 19 0
29 19 0
34 19 0
50 19 0
56 19 0
57 19 2
97 19 0
114 19 2
119 19 0
124 19 0
128 19 0
130 19 0
136 19 0
147 19 0
-118 20 0
-114 20 0
-38 20 0
-34 20 0
-31 20 0
-30 20 0
-25 20 0
-11 20 0
-9 20 0
-3 20 0
10 20 0
20 20 2
29 20 2
34 20 0
46 20 0
58 20 0
60 20 0
63 20 0
99 20 0
101 20 0
105 20 0
107 20 0
115 20 2
120 20 0
131 20 0
-119 21 0
-113 21 0
-111 21 0
-110 21 0
-31 21 0
-12 21 0
-11 21 0
-6 21 2
-1 21 0
5 21 0
27 21 0
37 21 0
41 21 0
45 21 0
59 21 0
94 21 0
101 21 2
113 21 0
119 21 0
123 21 0
149 21 0
-116 22 0
-113 22 0
-27 22 0
-26 22 0
-13 22 0
-11 22 2
-4 22 0
7 22 0
11 22 0
16 22 0
17 22 0
32 22 0
42 22 0
51 22 0
52 22 0
61 22 0
98 22 0
99 22 2
103 22 0
111 22 0
118 22 2
120 22 0
127 22 0
129 22 2
-117 23 0
-111 23 0
-106 23 2
-27 23 0
-20 23 0
-13 23 0
-5 23 0
-3 23 0
-2 23 2
14 23 2
15 23 2
24 23 0
25 23 2
28 23 0
31 23 2
34 23 0
41 23 0
42 23 0
46 23 0
51 23 2
53 23 0
58 23 0
92 23 0
116 23 0
119 23 0
125 23 0
127 23 0
128 23 0
-114 24 0
-108 24 0
-35 24 2
-31 24 0
-24 24 2
-8 24 0
-4 24 0
-3 24 0
3 24 0
7 24 0
8 24 0
14 24 0
23 24 2
27 24 0
28 24 0
34 24 0
40 24 0
54 24 0
94 24 0
99 24 2
103 24 2
107 24 2
115 24 0
-115 25 0
-21 25 0
-17 25 0
-16 25 2
-12 25 0
-9 25 0
-4 25 0
11 25 0
12 25 0
17 25 0
20 25 0
21 25 2
24 25 0
29 25 0
32 25 0
34 25 2
35 25 2
41 25 0
62 25 2
92 25 0
106 25 0
108 25 0
113 25 2
117 25 0
118 25 0
121 25 0
-116 26 0
-103 26 0
-34 26 0
-25 26 2
-19 26 0
-6 26 2
15 26 0
27 26 0
35 26 0
47 26 0
52 26 2
60 26 0
110 26 0
115 26 0
125 26 2
-111 27 0
-108 27 0
-104 27 2
-24 27 0
-19 27 0
-18 27 2
-14 27 0
5 27 2
9 27 0
24 27 0
27 27 0
31 27 0
39 27 0
40 27 0
42 27 0
43 27 0
48 27 0
57 27 2
62 27 2
92 27 0
95 27 0
111 27 0
-109 28 0
-33 28 2
-10 28 0
-9 28 0
0 28 0
8 28 2
12 28 0
14 28 2
15 28 2
26 28 0
28 28 2
33 28 2
42 28 0
50 28 0
51 28 0
54 28 2
56 28 0
58 28 0
93 28 0
103 28 2
115 28 0
116 28 0
119 28 2
-114 29 0
-105 29 0
-99 29 0
-97 29 0
-92 29 2
-26 29 2
-17 29 0
-15 29 0
-13 29 0
-4 29 0
11 29 0
12 29 0
14 29 0
15 29 0
24 29 2
26 29 2
35 29 0
38 29 0
45 29 0
49 29 0
52 29 2
58 29 0
60 29 0
64 29 0
94 29 0
123 29 0
-108 30 0
-102 30 2
-89 30 2
-87 30 0
-84 30 0
-82 30 0
-32 30 0
-25 30 2
-21 30 0
-20 30 0
-2 30 2
3 30 0
20 30 0
21 30 0
41 30 0
47 30 2
49 30 0
55 30 2
59 30 2
99 30 0
100 30 0
118 30 0
123 30 0
-119 31 0
-116 31 2
-111 31 2
-107 31 2
-106 31 2
-103 31 0
-88 31 2
-85 31 0
-75 31 2
-26 31 2
-25 31 2
-19 31 2
-18 31 0
-11 31 0
2 31 2
46 31 0
62 31 0
93 31 0
95 31 2
103 31 0
109 31 0
121 31 0
-117 32 0
-116 32 0
-113 32 0
-104 32 0
-96 32 0
-83 32 0
-76 32 0
-19 32 2
-16 32 2
-14 32 0
-3 32 0
45 32 0
49 32 0
65 32 0
103 32 0
-100 33 0
-98 33 0
-85 33 0
-79 33 0
-30 33 0
-25 33 0
-21 33 2
-15 33 0
23 33 2
26 33 0
30 33 0
44 33 0
59 33 2
61 33 0
64 33 0
95 33 0
108 33 0
109 33 0
115 33 0
116 33 2
119 33 0
120 33 0
122 33 2
-96 34 2
-86 34 2
-83 34 0
-81 34 0
-71 34 2
-69 34 0
-67 34 0
-31 34 0
-29 34 0
-28 34 2
-24 34 0
-22 34 2
-19 34 0
-6 34 2
-5 34 0
34 34 0
35 34 0
54 34 0
63 34 0
93 34 0
113 34 2
116 34 0
-122 35 2
-107 35 0
-102 35 0
-96 35 0
-87 35 2
-83 35 2
-75 35 0
-71 35 0
-66 35 0
-17 35 0
-16 35 0
44 35 0
47 35 0
51 35 2
63 35 0
96 35 0
106 35 2
112 35 2
116 35 0
117 35 0
119 35 2
127 35 2
-116 36 2
-101 36 0
-96 36 0
-90 36 2
-80 36 2
-68 36 0
-28 36 0
-26 36 0
-2 36 2
45 36 2
52 36 0
62 36 0
69 36 0
96 36 2
114 36 0
123 36 0
125 36 0
-122 37 2
-103 37 0
-101 37 0
-91 37 2
-86 37 0
-84 37 0
-82 37 0
-80 37 0
-74 37 2
-69 37 0
-18 37 0
-9 37 0
-6 37 0
-5 37 0
50 37 0
55 37 0
92 37 2
103 37 0
120 37 0
-122 38 0
-114 38 2
-111 38 0
-102 38 0
-100 38 0
-98 38 0
-94 38 0
-93 38 0
-74 38 2
-33 38 0
-20 38 2
-14 38 0
-10 38 0
-5 38 0
-4 38 0
69 38 0
109 38 0
113 38 0
-109 39 0
-104 39 0
-100 39 0
-96 39 2
-85 39 0
-71 39 0
-64 39 0
-19 39 0
-8 39 0
42 39 0
44 39 0
49 39 2
51 39 0
67 39 0
90 39 0
93 39 0
110 39 0
112 39 0
119 39 0
122 39 0
124 39 0
-111 40 2
-86 40 0
-70 40 0
-31 40 0
-30 40 0
-11 40 0
-10 40 0
-9 40 2
-7 40 0
48 40 0
52 40 0
59 40 2
69 40 0
71 40 0
73 40 0
92 40 0
102 40 0
116 40 0
117 40 2
121 40 0
-123 41 0
-122 41 0
-117 41 0
-109 41 0
-106 41 2
-94 41 0
-85 41 0
-72 41 2
-71 41 0
-32 41 0
-12 41 0
-7 41 0
46 41 0
76 41 0
77 41 0
105 41 2
108 41 0
114 41 0
-116 42 0
-108 42 2
-95 42 0
-86 42 2
-73 42 0
-32 42 0
-19 42 0
-8 42 0
58 42 0
67 42 2
77 42 0
87 42 0
106 42 2
116 42 0
118 42 0
-124 43 2
-115 43 0
-111 43 0
-109 43 0
-102 43 0
-99 43 0
-90 43 2
-89 43 2
-76 43 0
-73 43 0
-65 43 0
-30 43 0
-27 43 2
43 43 0
53 43 2
55 43 2
56 43 2
77 43 0
90 43 2
94 43 0
101 43 2
104 43 0
118 43 0
120 43 0
-125 44 0
-117 44 2
-113 44 0
-107 44 0
-105 44 2
-98 44 0
-97 44 0
-91 44 0
-86 44 0
-85 44 0
-11 44 0
-9 44 2
45 44 0
48 44 2
59 44 0
62 44 0
66 44 0
70 44 0
74 44 0
77 44 0
82 44 0
84 44 0
90 44 0
108 44 2
113 44 0
121 44 0
-117 45 0
-105 45 2
-104 45 0
-103 45 0
-102 45 2
-79 45 0
-77 45 0
-71 45 0
-21 45 0
-20 45 0
-17 45 0
90 45 0
94 45 0
105 45 0
107 45 2
108 45 0
110 45 2
113 45 0
116 45 0
118 45 2
121 45 2
124 45 0
-108 46 2
-93 46 0
-91 46 2
-89 46 2
-74 46 0
-29 46 0
-24 46 2
-19 46 0
-15 46 0
44 46 0
49 46 0
64 46 0
67 46 0
81 46 2
95 46 0
96 46 0
100 46 0
101 46 0
116 46 0
124 46 0
-124 47 0
-120 47 0
-117 47 0
-108 47 0
-105 47 0
-97 47 2
-95 47 0
-90 47 0
-74 47 0
-71 47 2
-14 47 0
-12 47 0
44 47 2
49 47 0
57 47 0
70 47 0
87 47 0
97 47 0
98 47 0
99 47 0
103 47 0
119 47 0
-124 48 0
-106 48 0
-105 48 2
-102 48 0
-97 48 2
-79 48 2
-72 48 0
-24 48 0
-16 48 2
-15 48 0
-13 48 0
45 48 0
46 48 0
55 48 0
60 48 2
70 48 0
71 48 0
72 48 0
81 48 0
84 48 2
93 48 0
99 48 0
103 48 0
114 48 2
119 48 0
-125 49 0
-123 49 0
-116 49 0
-100 49 0
-95 49 0
-94 49 0
-92 49 2
-91 49 0
-89 49 0
-75 49 0
-61 49 0
-27 49 0
-26 49 2
-18 49 0
68 49 0
69 49 0
74 49 0
92 49 0
100 49 0
104 49 0
121 49 2
-113 50 0
-109 50 0
-108 50 0
-98 50 0
-89 50 0
-75 50 2
-70 50 2
-68 50 2
-64 50 0
46 50 0
52 50 0
53 50 0
58 50 0
66 50 2
72 50 0
81 50 0
84 50 0
87 50 0
89 50 0
91 50 2
102 50 2
125 50 0
-118 51 2
-115 51 0
-108 51 0
-93 51 0
-81 51 0
-77 51 0
-76 51 0
-67 51 0
-65 51 0
-64 51 0
-18 51 0
-14 51 0
49 51 0
58 51 0
59 51 0
67 51 2
71 51 0
75 51 2
77 51 0
90 51 2
91 51 0
95 51 0
105 51 0
114 51 0
-106 52 0
-93 52 0
-92 52 0
-70 52 0
-13 52 0
-12 52 2
46 52 0
61 52 0
67 52 0
72 52 0
74 52 0
77 52 0
82 52 0
83 52 0
92 52 0
94 52 2
102 52 0
106 52 0
110 52 0
113 52 0
116 52 0
122 52 0
124 52 0
125 52 0
127 52 0
-110 53 0
-106 53 0
-105 53 0
-67 53 0
-66 53 0
46 53 0
50 53 0
56 53 2
60 53 0
69 53 0
72 53 0
75 53 0
86 53 2
89 53 0
108 53 0
111 53 0
121 53 0
123 53 2
-123 54 2
-120 54 2
-118 54 2
-97 54 0
-84 54 0
-78 54 0
-77 54 0
-75 54 0
-71 54 0
-21 54 0
53 54 0
60 54 0
65 54 0
71 54 0
93 54 0
99 54 0
107 54 0
121 54 0
-113 55 0
-106 55 0
-92 55 2
-88 55 2
-81 55 0
-67 55 0
-64 55 0
-18 55 0
48 55 0
54 55 0
67 55 0
69 55 0
74 55 0
78 55 2
101 55 0
105 55 0
109 55 0
116 55 2
122 55 0
-126 56 2
-114 56 0
-107 56 0
-103 56 0
-102 56 0
-100 56 0
-93 56 2
-86 56 0
-72 56 0
-68 56 0
-65 56 0
-63 56 0
-15 56 0
-12 56 0
52 56 0
63 56 0
68 56 2
73 56 0
84 56 0
88 56 0
96 56 0
98 56 0
119 56 0
-124 57 0
-119 57 0
-111 57 0
-100 57 0
-92 57 0
-91 57 2
-80 57 0
-67 57 0
-11 57 0
52 57 2
62 57 2
68 57 0
72 57 0
84 57 0
86 57 2
102 57 0
-118 58 0
-85 58 0
-83 58 0
-70 58 2
-67 58 2
-64 58 0
-15 58 2
-8 58 0
45 58 0
49 58 0
51 58 0
54 58 0
63 58 0
91 58 0
126 58 2
-97 59 0
-91 59 0
-74 59 0
-71 59 0
-66 59 0
-63 59 0
46 59 0
55 59 2
59 59 0
60 59 2
92 59 0
110 59 2
116 59 2
118 59 0
121 59 0
-123 60 2
-115 60 0
-114 60 2
-103 60 0
-96 60 0
-16 60 0
-12 60 0
-1 60 0
0 60 0
49 60 0
51 60 0
58 60 0
61 60 0
66 60 0
82 60 0
85 60 0
92 60 0
99 60 0
113 60 2
119 60 0
120 60 0
126 60 0
-112 61 0
-109 61 0
-97 61 0
-89 61 0
-88 61 0
-87 61 0
-81 61 0
-80 61 0
-63 61 2
-61 61 2
-15 61 2
-5 61 0
2 61 0
4 61 0
55 61 0
64 61 0
65 61 0
71 61 2
76 61 2
94 61 0
122 61 0
-106 62 0
-102 62 2
-91 62 0
-81 62 0
-73 62 0
-61 62 2
-14 62 0
-10 62 0
-7 62 0
2 62 2
9 62 2
46 62 0
68 62 2
74 62 0
75 62 0
111 62 0
123 62 0
-127 63 0
-120 63 0
-102 63 0
-99 63 0
-96 63 2
-94 63 2
-89 63 2
-80 63 0
-74 63 0
-72 63 0
-1 63 0
1 63 0
7 63 0
96 63 0
101 63 0
104 63 0
125 63 0
-99 64 0
-96 64 0
-95 64 0
-86 64 0
-80 64 2
-64 64 0
-8 64 0
-4 64 0
-3 64 0
-2 64 0
0 64 0
10 64 2
50 64 0
56 64 0
60 64 0
70 64 0
104 64 0
107 64 0
114 64 2
115 64 0
118 64 0
119 64 2
-101 65 0
-94 65 2
-91 65 0
-90 65 0
-89 65 0
-76 65 0
-65 65 0
-62 65 0
-7 65 0
-6 65 0
-3 65 0
42 65 2
43 65 0
45 65 0
47 65 0
50 65 2
54 65 2
68 65 0
104 65 0
109 65 0
118 65 0
-118 66 2
-104 66 0
-77 66 0
-66 66 0
-65 66 0
-61 66 0
-9 66 0
-7 66 0
11 66 0
49 66 0
101 66 0
103 66 0
111 66 2
-128 67 2
-119 67 0
-115 67 0
-113 67 0
-112 67 2
-111 67 0
-107 67 0
-98 67 0
-93 67 0
-92 67 0
-90 67 0
-83 67 0
-67 67 2
-63 67 0
-61 67 0
-10 67 0
-7 67 0
-5 67 2
-2 67 0
1 67 0
2 67 0
12 67 0
53 67 2
102 67 0
109 67 0
110 67 0
112 67 0
114 67 0
117 67 2
122 67 0
127 67 2
-127 68 2
-118 68 0
-116 68 0
-110 68 2
-106 68 0
-105 68 0
-98 68 2
-89 68 0
-80 68 0
-60 68 0
-7 68 0
-2 68 0
41 68 2
44 68 0
46 68 0
52 68 0
117 68 0
-121 69 0
-119 69 0
-98 69 0
-94 69 2
-91 69 0
-89 69 2
-87 69 0
-85 69 0
-76 69 0
-74 69 2
-70 69 0
-63 69 2
-62 69 0
-13 69 0
-11 69 2
-7 69 0
4 69 0
5 69 0
15 69 0
19 69 0
38 69 0
42 69 0
108 69 2
112 69 2
113 69 0
119 69 0
-109 70 2
-97 70 2
-78 70 0
-65 70 0
-61 70 2
0 70 2
1 70 0
11 70 0
19 70 0
25 70 0
32 70 2
33 70 2
34 70 2
36 70 2
37 70 2
42 70 2
102 70 2
108 70 2
109 70 0
123 70 0
124 70 0
-128 71 0
-127 71 0
-108 71 0
-105 71 0
-85 71 0
-79 71 0
-76 71 0
-73 71 0
-66 71 0
-17 71 0
10 71 2
16 71 2
20 71 0
21 71 0
32 71 0
47 71 0
102 71 0
104 71 0
107 71 0
115 71 0
122 71 0
-126 72 0
-119 72 0
-112 72 2
-105 72 0
-93 72 0
-90 72 0
-77 72 0
-72 72 2
-68 72 0
-18 72 0
-11 72 0
1 72 0
2 72 2
4 72 0
6 72 2
44 72 0
101 72 0
119 72 0
124 72 0
125 72 2
-149 73 0
-107 73 0
-106 73 2
-77 73 0
-73 73 0
-65 73 2
4 73 0
5 73 2
8 73 0
20 73 0
24 73 0
26 73 0
33 73 0
50 73 0
101 73 0
111 73 0
117 73 0
-147 74 2
-144 74 0
-143 74 0
-141 74 0
-140 74 0
-131 74 0
-125 74 2
-118 74 2
-114 74 2
-112 74 0
-103 74 0
-98 74 0
-73 74 2
-2 74 2
24 74 2
28 74 0
44 74 0
50 74 0
107 74 2
108 74 0
116 74 0
122 74 0
-140 75 0
-132 75 0
-121 75 0
-111 75 0
-102 75 0
-66 75 0
3 75 0
5 75 0
7 75 0
24 75 0
32 75 0
106 75 0
108 75 0
115 75 0
120 75 2
125 75 2
-139 76 0
-137 76 0
-135 76 0
-120 76 0
-117 76 0
-116 76 0
-104 76 0
-101 76 0
-84 76 0
-73 76 0
-4 76 0
6 76 0
8 76 0
11 76 0
19 76 0
21 76 2
28 76 0
30 76 0
31 76 0
50 76 0
108 76 2
122 76 0
-130 77 0
-113 77 0
-103 77 0
-82 77 2
-81 77 0
-78 77 0
-71 77 0
-70 77 2
-12 77 0
-8 77 0
-7 77 2
4 77 2
12 77 2
17 77 0
27 77 0
42 77 0
46 77 0
47 77 2
50 77 0
108 77 0
-142 78 0
-140 78 2
-132 78 2
-130 78 0
-75 78 2
-73 78 0
-69 78 0
-68 78 2
-11 78 0
-3 78 0
1 78 0
18 78 0
30 78 0
39 78 2
42 78 2
43 78 0
44 78 2
45 78 2
46 78 0
111 78 0
117 78 0
123 78 0
-147 79 0
-139 79 0
-138 79 2
-135 79 0
-133 79 0
-115 79 0
-112 79 0
-77 79 0
-71 79 2
-66 79 0
-18 79 0
-6 79 0
5 79 0
10 79 0
22 79 2
28 79 0
43 79 0
51 79 0
107 79 0
122 79 0
-146 80 0
-144 80 2
-141 80 0
-135 80 0
-118 80 0
-112 80 2
-106 80 0
-19 80 0
-17 80 0
-14 80 2
-13 80 0
-12 80 2
5 80 2
6 80 0
17 80 2
24 80 0
25 80 0
28 80 2
29 80 0
35 80 0
42 80 0
52 80 0
108 80 0
112 80 0
115 80 0
-145 81 0
-139 81 0
-135 81 0
-132 81 0
-127 81 0
-116 81 0
-115 81 0
-112 81 0
-79 81 0
-77 81 0
-65 81 0
-15 81 0
-10 81 2
-9 81 0
-5 81 0
-3 81 0
-1 81 0
4 81 0
16 81 0
17 81 0
28 81 0
30 81 0
33 81 0
114 81 0
115 81 0
120 81 0
-140 82 2
-124 82 0
-110 82 2
-109 82 2
-108 82 2
-76 82 0
-68 82 0
-16 82 0
-12 82 0
-2 82 2
0 82 0
4 82 0
11 82 0
13 82 2
19 82 2
31 82 0
34 82 0
40 82 0
49 82 0
53 82 2
-150 83 0
-142 83 0
-138 83 0
-126 83 0
-107 83 0
-77 83 0
-73 83 0
-14 83 2
-5 83 0
-3 83 2
3 83 0
4 83 0
5 83 0
16 83 0
25 83 0
108 83 0
116 83 0
-145 84 2
-143 84 0
-118 84 2
-115 84 0
-112 84 0
-73 84 0
-72 84 0
-70 84 0
-19 84 2
-18 84 0
-10 84 0
-7 84 0
-6 84 0
7 84 0
11 84 0
13 84 0
35 84 2
113 84 2
115 84 2
-146 85 0
-139 85 0
-135 85 0
-133 85 0
-130 85 0
-128 85 0
-121 85 2
-112 85 0
-111 85 0
-82 85 0
-78 85 0
-68 85 0
-63 85 0
6 85 0
8 85 2
28 85 0
31 85 0
44 85 0
112 85 0
116 85 0
118 85 0
120 85 0
-142 86 0
-133 86 0
-116 86 0
-79 86 0
-71 86 2
-63 86 0
-20 86 2
-18 86 2
3 86 0
27 86 0
36 86 0
37 86 0
46 86 0
48 86 0
49 86 0
112 86 0
-143 87 0
-142 87 0
-136 87 2
-130 87 0
-128 87 0
-126 87 0
-125 87 0
-123 87 0
-118 87 0
-107 87 0
-82 87 0
-81 87 0
-80 87 0
-78 87 0
-20 87 0
-10 87 0
-5 87 2
-2 87 2
1 87 0
9 87 0
34 87 2
35 87 2
51 87 0
114 87 0
116 87 0
118 87 0
-147 88 0
-145 88 0
-140 88 0
-136 88 0
-129 88 0
-124 88 2
-122 88 2
-117 88 0
-114 88 0
-112 88 2
-78 88 0
-76 88 0
-19 88 2
-7 88 0
2 88 2
6 88 2
34 88 0
35 88 0
38 88 0
48 88 0
52 88 0
56 88 0
115 88 0
118 88 0
-150 89 0
-138 89 0
-137 89 2
-133 89 0
-129 89 0
-83 89 0
-82 89 0
-77 89 0
-12 89 0
2 89 0
29 89 0
39 89 0
44 89 0
48 89 0
55 89 0
104 89 0
119 89 0
-147 90 0
-144 90 2
-140 90 0
-137 90 0
-130 90 0
-127 90 0
-120 90 0
-115 90 2
-113 90 2
-112 90 2
-111 90 0
-107 90 0
-105 90 0
-103 90 0
-86 90 0
-85 90 0
-83 90 0
-79 90 2
-73 90 0
-71 90 2
-65 90 0
-60 90 0
-17 90 0
-16 90 0
-10 90 0
4 90 0
42 90 0
44 90 0
99 90 0
-147 91 0
-145 91 2
-137 91 0
-131 91 0
-130 91 0
-128 91 0
-125 91 0
-123 91 0
-119 91 0
-117 91 0
-113 91 0
-112 91 0
-107 91 0
-106 91 0
-105 91 0
-98 91 0
-96 91 0
-90 91 0
-83 91 0
-81 91 0
-74 91 0
-71 91 2
-67 91 2
-64 91 0
-63 91 0
-53 91 0
-36 91 0
-33 91 0
-25 91 0
-13 91 0
-5 91 2
-2 91 0
29 91 0
46 91 0
49 91 2
50 91 0
54 91 0
90 91 0
92 91 2
111 91 0
113 91 2
-144 92 0
-132 92 0
-123 92 0
-122 92 0
-116 92 0
-112 92 0
-96 92 0
-92 92 0
-82 92 0
-76 92 2
-68 92 2
-61 92 0
-60 92 0
-57 92 2
-55 92 0
-52 92 0
-43 92 0
-30 92 0
-22 92 0
-4 92 0
0 92 2
4 92 2
86 92 0
89 92 0
105 92 0
110 92 2
111 92 0
113 92 0
114 92 0
-143 93 2
-127 93 0
-117 93 2
-111 93 0
-107 93 2
-106 93 0
-88 93 0
-68 93 0
-52 93 0
-49 93 2
-32 93 0
-4 93 0
29 93 0
39 93 2
83 93 2
90 93 0
96 93 0
98 93 0
106 93 0
108 93 0
112 93 0
113 93 0
-148 94 2
-145 94 0
-144 94 0
-141 94 0
-124 94 2
-99 94 0
-97 94 0
-96 94 0
-67 94 0
-59 94 0
-53 94 0
-43 94 0
-37 94 0
-23 94 0
-19 94 0
-6 94 0
-5 94 0
29 94 0
35 94 2
41 94 0
45 94 0
46 94 0
52 94 2
53 94 0
89 94 0
93 94 0
108 94 0
113 94 0
-126 95 2
-119 95 0
-110 95 2
-107 95 0
-102 95 0
-86 95 0
-77 95 2
-75 95 0
-72 95 2
-60 95 0
-50 95 2
-46 95 0
-45 95 2
-27 95 0
-25 95 0
-23 95 0
-22 95 0
3 95 0
30 95 0
42 95 0
43 95 2
51 95 0
54 95 2
81 95 0
91 95 0
99 95 0
108 95 0
111 95 0
112 95 0
120 95 0
121 95 0
-128 96 0
-126 96 0
-117 96 0
-114 96 0
-103 96 0
-98 96 0
-72 96 2
-66 96 2
-62 96 2
-49 96 0
-47 96 2
-31 96 0
-29 96 0
-25 96 0
-24 96 0
-18 96 0
-15 96 0
-11 96 0
-10 96 2
48 96 2
56 96 0
79 96 2
89 96 0
95 96 0
98 96 0
103 96 0
112 96 0
114 96 0
121 96 0
-126 97 2
-111 97 2
-106 97 0
-104 97 0
-101 97 2
-96 97 0
-82 97 0
-79 97 0
-70 97 2
-67 97 0
-63 97 2
-62 97 0
-46 97 2
-45 97 2
-39 97 0
-37 97 2
-32 97 0
-31 97 0
-25 97 0
-20 97 0
-5 97 0
29 97 2
30 97 0
33 97 2
35 97 0
39 97 0
44 97 0
45 97 0
47 97 0
53 97 2
57 97 0
79 97 0
81 97 0
90 97 2
100 97 0
102 97 2
106 97 0
-116 98 0
-93 98 0
-84 98 0
-81 98 0
-72 98 0
-57 98 2
-52 98 2
-42 98 2
-34 98 0
-30 98 0
-23 98 2
0 98 2
50 98 0
55 98 2
83 98 2
85 98 0
91 98 0
109 98 0
111 98 0
121 98 0
-120 99 0
-108 99 0
-100 99 0
-91 99 0
-85 99 0
-77 99 0
-75 99 0
-70 99 0
-64 99 0
-58 99 0
-56 99 0
-55 99 0
-41 99 0
-37 99 2
-36 99 2
-30 99 2
-25 99 0
-23 99 0
-22 99 0
-12 99 0
-3 99 2
28 99 0
33 99 0
44 99 0
50 99 0
53 99 0
97 99 0
100 99 2
102 99 2
103 99 0
110 99 2
113 99 0
117 99 0
120 99 0
121 99 0
122 99 0
-124 100 0
-92 100 0
-84 100 0
-68 100 0
-66 100 0
-64 100 0
-59 100 0
-24 100 0
-20 100 0
-19 100 0
-16 100 0
3 100 0
37 100 0
39 100 2
42 100 0
47 100 0
55 100 0
56 100 0
81 100 0
82 100 0
86 100 0
93 100 2
99 100 2
100 100 0
104 100 0
123 100 2
-120 101 0
-117 101 0
-113 101 0
-111 101 0
-110 101 0
-107 101 2
-101 101 0
-91 101 0
-71 101 0
-69 101 0
-63 101 0
-55 101 0
-53 101 0
-45 101 0
-42 101 0
-32 101 2
-27 101 0
-26 101 0
-24 101 2
-16 101 2
-14 101 0
-2 101 2
-1 101 0
35 101 0
37 101 2
39 101 0
47 101 0
50 101 0
81 101 0
99 101 0
101 101 0
105 101 2
107 101 0
116 101 0
-124 102 0
-118 102 0
-111 102 0
-91 102 2
-83 102 0
-80 102 0
-72 102 0
-47 102 0
-38 102 0
-23 102 0
-16 102 0
-9 102 0
3 102 2
4 102 0
26 102 0
29 102 0
53 102 0
92 102 0
96 102 0
100 102 0
117 102 0
119 102 0
120 102 2
-118 103 2
-114 103 2
-112 103 0
-111 103 0
-96 103 2
-95 103 0
-89 103 0
-77 103 0
-75 103 2
-62 103 2
-55 103 2
-53 103 0
-48 103 0
-44 103 0
-41 103 0
-36 103 0
-28 103 2
-26 103 0
-24 103 0
-22 103 0
-15 103 0
-9 103 0
3 103 0
4 103 2
44 103 0
51 103 0
52 103 0
53 103 0
97 103 0
104 103 0
111 103 0
112 103 2
113 103 0
123 103 0
124 103 0
-123 104 0
-122 104 0
-118 104 0
-106 104 0
-101 104 2
-91 104 0
-88 104 0
-85 104 0
-84 104 0
-83 104 0
-71 104 2
-65 104 0
-64 104 0
-56 104 0
-51 104 0
-44 104 2
-37 104 0
-34 104 2
-6 104 0
0 104 0
30 104 0
41 104 0
43 104 2
44 104 0
50 104 0
54 104 0
55 104 0
86 104 2
107 104 0
119 104 2
-120 105 2
-117 105 0
-110 105 0
-108 105 0
-99 105 0
-87 105 2
-79 105 0
-71 105 0
-54 105 0
-53 105 0
-52 105 0
-43 105 0
-42 105 2
-40 105 0
-36 105 0
-28 105 2
-26 105 2
-18 105 0
-10 105 0
-2 105 0
0 105 2
31 105 0
48 105 0
53 105 0
76 105 0
79 105 0
88 105 0
92 105 0
102 105 0
106 105 2
124 105 0
-118 106 2
-114 106 0
-108 106 0
-107 106 0
-106 106 0
-103 106 0
-93 106 0
-83 106 0
-72 106 0
-69 106 0
-67 106 2
-61 106 0
-57 106 0
-48 106 0
-46 106 0
-38 106 0
-36 106 0
-25 106 2
-21 106 2
-18 106 0
-12 106 0
-2 106 0
3 106 0
18 106 2
20 106 2
21 106 2
30 106 0
32 106 0
35 106 2
36 106 0
48 106 0
85 106 0
87 106 2
94 106 0
100 106 2
109 106 0
117 106 0
121 106 0
-125 107 0
-116 107 2
-106 107 0
-105 107 0
-99 107 0
-97 107 0
-79 107 0
-78 107 0
-72 107 0
-66 107 0
-56 107 0
-48 107 0
-45 107 0
-40 107 0
-19 107 0
-6 107 0
6 107 2
40 107 0
109 107 0
118 107 2
120 107 0
124 107 0
-127 108 0
-126 108 0
-120 108 0
-119 108 0
-111 108 0
-102 108 0
-94 108 2
-90 108 0
-85 108 2
-82 108 0
-66 108 0
-60 108 0
-58 108 0
-48 108 0
-43 108 0
-39 108 0
-33 108 0
-30 108 0
-29 108 0
-18 108 0
-14 108 0
-13 108 2
-11 108 2
4 108 2
6 108 0
17 108 0
29 108 0
36 108 0
37 108 0
38 108 0
40 108 0
41 108 0
52 108 0
83 108 0
92 108 0
95 108 0
98 108 2
104 108 0
112 108 0
-114 109 0
-112 109 0
-89 109 0
-85 109 0
-75 109 0
-72 109 0
-66 109 0
-63 109 0
-54 109 2
-41 109 2
-38 109 0
-36 109 0
-25 109 0
-21 109 0
-16 109 0
-7 109 0
9 109 0
18 109 2
23 109 0
24 109 0
35 109 0
40 109 2
44 109 0
48 109 0
80 109 0
99 109 0
104 109 0
110 109 2
124 109 0
-126 110 2
-82 110 2
-81 110 0
-77 110 0
-71 110 0
-69 110 0
-60 110 0
-52 110 2
-42 110 0
-39 110 0
-28 110 2
-25 110 0
-19 110 0
-11 110 0
-4 110 0
1 110 0
23 110 0
28 110 0
42 110 0
43 110 0
47 110 2
108 110 0
116 110 0
122 110 2
-120 111 0
-115 111 0
-110 111 0
-93 111 0
-92 111 0
-89 111 0
-84 111 0
-80 111 0
-69 111 0
-66 111 0
-64 111 0
-39 111 0
-27 111 0
-26 111 0
-25 111 0
-18 111 2
3 111 2
8 111 0
30 111 0
32 111 0
38 111 0
48 111 0
78 111 0
83 111 0
87 111 2
94 111 2
96 111 0
100 111 2
104 111 2
109 111 0
113 111 0
116 111 2
-124 112 0
-117 112 0
-115 112 0
-104 112 0
-81 112 0
-79 112 0
-73 112 2
-70 112 0
-67 112 0
-62 112 2
-60 112 0
-58 112 0
-57 112 0
-54 112 0
-52 112 0
-43 112 0
-29 112 0
-11 112 2
-4 112 0
5 112 0
25 112 0
50 112 0
82 112 2
84 112 0
85 112 0
91 112 0
105 112 0
-125 113 0
-123 113 0
-118 113 2
-114 113 0
-113 113 2
-102 113 0
-99 113 2
-91 113 0
-90 113 0
-89 113 2
-48 113 0
-46 113 0
-44 113 2
-19 113 0
-14 113 0
0 113 0
3 113 0
6 113 2
8 113 2
9 113 0
11 113 2
23 113 0
25 113 0
34 113 0
35 113 0
46 113 0
79 113 0
80 113 0
81 113 0
98 113 2
111 113 2
113 113 0
118 113 0
122 113 0
124 113 0
125 113 0
-116 114 0
-114 114 0
-105 114 0
-88 114 0
-87 114 0
-82 114 0
-79 114 0
-60 114 2
-56 114 0
-53 114 0
-50 114 0
-41 114 0
-36 114 0
-23 114 2
23 114 2
25 114 0
28 114 2
39 114 0
41 114 0
75 114 2
85 114 0
91 114 0
95 114 0
99 114 0
103 114 0
-123 115 0
-119 115 0
-108 115 2
-101 115 0
-99 115 0
-81 115 0
-80 115 2
-55 115 0
-46 115 2
-45 115 0
-33 115 2
-31 115 2
-30 115 0
-29 115 2
-26 115 0
-1 115 0
3 115 0
6 115 2
15 115 0
24 115 0
35 115 0
40 115 0
43 115 0
78 115 0
97 115 0
100 115 0
103 115 0
-114 116 0
-107 116 0
-81 116 0
-53 116 2
-52 116 0
-47 116 0
-29 116 0
-23 116 2
-21 116 2
-18 116 0
-2 116 0
14 116 0
15 116 0
16 116 2
20 116 0
27 116 0
36 116 0
38 116 2
48 116 0
91 116 0
99 116 0
102 116 0
110 116 0
121 116 0
124 116 0
-117 117 0
-114 117 0
-111 117 0
-107 117 0
-104 117 0
-98 117 0
-96 117 0
-93 117 0
-83 117 0
-82 117 0
-64 117 2
-55 117 0
-53 117 0
-49 117 0
-41 117 2
-29 117 0
-25 117 0
-23 117 0
-21 117 2
0 117 0
1 117 0
19 117 2
20 117 0
28 117 0
34 117 0
43 117 2
44 117 2
83 117 0
99 117 0
115 117 0
116 117 2
122 117 2
123 117 0
-120 118 2
-116 118 2
-114 118 0
-111 118 0
-110 118 0
-96 118 0
-65 118 0
-62 118 0
-53 118 0
-45 118 2
-40 118 0
-31 118 0
-27 118 0
-23 118 0
0 118 0
2 118 0
10 118 0
11 118 0
20 118 0
21 118 0
28 118 0
29 118 2
42 118 0
73 118 2
75 118 0
80 118 0
90 118 0
96 118 0
99 118 0
101 118 0
104 118 0
106 118 2
111 118 2
114 118 0
-122 119 0
-121 119 0
-118 119 0
-109 119 0
-100 119 2
-88 119 0
-87 119 0
-65 119 2
-57 119 0
-31 119 0
-26 119 0
-22 119 0
-21 119 0
18 119 0
21 119 0
30 119 0
33 119 0
46 119 0
50 119 0
78 119 0
92 119 2
109 119 0
112 119 0
122 119 0
-113 120 0
-112 120 2
-103 120 0
-98 120 0
-88 120 0
-64 120 0
-60 120 0
-58 120 0
-56 120 0
-50 120 0
-49 120 2
-48 120 0
-45 120 0
-44 120 0
-42 120 0
-41 120 0
-26 120 2
-1 120 2
5 120 0
22 120 2
23 120 0
42 120 0
53 120 0
75 120 0
80 120 0
85 120 0
92 120 0
113 120 0
117 120 2
120 120 0
126 120 0
127 120 0
-104 121 0
-100 121 0
-98 121 0
-92 121 0
-61 121 0
-49 121 0
-38 121 0
-35 121 0
-34 121 2
-32 121 0
-27 121 0
-1 121 0
3 121 0
7 121 0
14 121 0
17 121 0
20 121 0
28 121 0
39 121 0
50 121 2
53 121 0
76 121 0
90 121 0
108 121 2
119 121 0
126 121 0
127 121 0
-126 122 0
-125 122 0
-123 122 0
-120 122 0
-116 122 0
-107 122 0
-102 122 2
-54 122 0
-52 122 0
-48 122 0
-46 122 0
-35 122 0
-32 122 0
-26 122 2
2 122 0
10 122 2
24 122 0
43 122 0
44 122 2
60 122 2
69 122 0
85 122 0
86 122 0
87 122 0
103 122 0
106 122 2
107 122 2
-118 123 0
-116 123 0
-115 123 0
-112 123 2
-107 123 0
-101 123 2
-94 123 0
-91 123 2
-52 123 0
-44 123 0
-24 123 0
-22 123 0
3 123 2
5 123 0
17 123 0
22 123 0
28 123 0
32 123 0
37 123 0
51 123 2
61 123 2
63 123 0
69 123 2
84 123 2
109 123 0
122 123 0
123 123 2
-126 124 0
-124 124 0
-121 124 0
-118 124 0
-116 124 0
-93 124 2
-61 124 0
-58 124 2
-57 124 2
-56 124 0
-45 124 0
-43 124 0
-42 124 0
-39 124 0
-29 124 0
-19 124 0
6 124 0
7 124 2
10 124 0
16 124 0
20 124 0
36 124 0
37 124 0
45 124 2
47 124 0
62 124 2
63 124 2
73 124 2
78 124 0
84 124 0
88 124 0
106 124 2
111 124 0
112 124 0
118 124 0
123 124 0
125 124 0
-125 125 0
-124 125 2
-118 125 2
-113 125 2
-100 125 0
-94 125 0
-53 125 0
-40 125 0
-34 125 0
-33 125 0
-25 125 0
3 125 0
9 125 0
11 125 0
39 125 0
41 125 0
42 125 0
44 125 0
52 125 0
58 125 0
72 125 0
81 125 0
82 125 2
85 125 0
95 125 2
117 125 0
119 125 0
124 125 0
-124 126 0
-122 126 2
-121 126 2
-107 126 0
-96 126 0
-57 126 0
-49 126 0
-32 126 0
-29 126 0
16 126 0
23 126 0
26 126 0
34 126 0
54 126 2
56 126 0
62 126 0
70 126 0
83 126 0
87 126 0
-63 127 2
-57 127 2
-49 127 2
-47 127 2
-45 127 0
-43 127 0
-41 127 0
-31 127 2
-27 127 0
-20 127 2
13 127 2
15 127 0
22 127 2
30 127 0
35 127 0
44 127 0
48 127 0
55 127 0
58 127 0
66 127 0
68 127 0
87 127 0
99 127 0
103 127 0
111 127 0
123 127 0
-119 128 0
-102 128 2
-98 128 0
-65 128 2
-60 128 0
-46 128 2
-29 128 0
-28 128 0
-22 128 2
-20 128 0
-2 128 0
7 128 2
16 128 0
27 128 2
42 128 0
47 128 0
53 128 2
55 128 0
77 128 2
91 128 0
101 128 2
108 128 0
116 128 0
122 128 0
-116 129 0
-107 129 0
-60 129 0
-28 129 0
0 129 0
2 129 0
4 129 0
14 129 0
17 129 0
22 129 0
29 129 0
32 129 0
33 129 0
56 129 0
63 129 0
71 129 0
78 129 0
80 129 0
91 129 0
97 129 0
116 129 0
121 129 0
124 129 0
126 129 2
-111 130 0
-51 130 0
-36 130 2
-2 130 0
1 130 0
11 130 0
17 130 2
27 130 0
38 130 0
43 130 0
52 130 2
56 130 0
65 130 2
68 130 0
85 130 2
100 130 0
103 130 0
106 130 0
-124 131 0
-114 131 2
-112 131 2
-103 131 0
-63 131 2
-61 131 0
-59 131 0
-49 131 0
-27 131 0
6 131 0
7 131 0
34 131 0
35 131 0
36 131 0
40 131 0
43 131 0
75 131 0
76 131 0
85 131 0
88 131 2
109 131 0
124 131 0
-125 132 0
-110 132 0
-100 132 0
-64 132 0
-60 132 2
-59 132 0
-48 132 0
-44 132 0
-40 132 0
-39 132 2
-29 132 0
-27 132 0
0 132 2
10 132 0
11 132 0
26 132 0
29 132 2
31 132 0
50 132 0
54 132 0
59 132 0
64 132 0
71 132 0
75 132 0
80 132 0
99 132 0
102 132 0
107 132 0
119 132 0
-125 133 0
-121 133 0
-119 133 0
-113 133 0
-111 133 0
-100 133 0
-65 133 2
-61 133 0
-53 133 0
-52 133 0
-42 133 2
-39 133 0
-37 133 2
-30 133 0
-27 133 0
-4 133 0
0 133 2
3 133 0
8 133 0
9 133 2
15 133 0
16 133 2
28 133 0
29 133 0
38 133 2
51 133 0
52 133 2
57 133 0
63 133 2
64 133 0
71 133 0
76 133 0
83 133 0
92 133 0
108 133 0
111 133 2
112 133 2
126 133 0
128 133 2
129 133 0
-126 134 0
-119 134 2
-111 134 2
-110 134 0
-104 134 0
-102 134 2
-45 134 2
0 134 2
3 134 0
8 134 0
10 134 0
12 134 0
18 134 0
25 134 0
28 134 0
31 134 0
53 134 0
60 134 0
61 134 2
67 134 0
68 134 2
70 134 0
71 134 0
82 134 2
104 134 0
105 134 0
112 134 0
114 134 0
121 134 2
-146 135 0
-131 135 0
-124 135 0
-109 135 0
-106 135 0
-56 135 2
-52 135 0
-49 135 0
-46 135 2
-42 135 2
-22 135 2
-21 135 0
5 135 0
6 135 0
13 135 0
18 135 0
47 135 0
57 135 0
68 135 0
74 135 0
80 135 2
98 135 0
112 135 0
114 135 0
116 135 0
-125 136 0
-122 136 2
-121 136 0
-53 136 0
-50 136 2
-38 136 0
-35 136 0
-30 136 0
-3 136 2
12 136 0
16 136 0
17 136 2
21 136 0
30 136 0
35 136 0
39 136 0
53 136 0
54 136 0
57 136 0
68 136 0
80 136 2
105 136 0
106 136 2
115 136 0
132 136 0
-147 137 0
-143 137 0
-139 137 0
-125 137 2
-124 137 2
-122 137 0
-109 137 2
-51 137 0
-37 137 0
-36 137 2
-29 137 0
-25 137 0
-19 137 0
8 137 0
13 137 0
14 137 0
21 137 0
41 137 0
47 137 0
49 137 2
73 137 0
75 137 2
103 137 0
104 137 0
109 137 0
110 137 0
127 137 0
130 137 0
132 137 0
-136 138 0
-130 138 0
-127 138 0
-117 138 0
-107 138 2
-103 138 2
-48 138 0
-47 138 0
-42 138 2
-39 138 0
-34 138 0
-22 138 2
-20 138 0
-12 138 0
0 138 0
10 138 0
11 138 0
23 138 0
26 138 0
29 138 0
32 138 0
37 138 0
49 138 0
51 138 0
53 138 2
62 138 2
68 138 0
76 138 0
110 138 0
112 138 0
115 138 0
122 138 2
123 138 0
127 138 0
128 138 0
135 138 2
139 138 0
-144 139 2
-142 139 0
-137 139 2
-134 139 0
-126 139 0
-121 139 0
-115 139 0
-109 139 0
-64 139 0
-40 139 0
-39 139 0
-32 139 0
-25 139 0
-9 139 0
-6 139 0
10 139 0
17 139 0
20 139 0
28 139 0
30 139 0
54 139 2
57 139 0
79 139 0
103 139 0
105 139 0
116 139 0
126 139 2
127 139 2
131 139 0
134 139 0
-148 140 0
-141 140 0
-137 140 0
-133 140 0
-121 140 0
-107 140 0
-40 140 0
-34 140 0
-31 140 0
-26 140 0
-24 140 0
-23 140 0
-16 140 0
-15 140 0
-4 140 0
7 140 2
10 140 0
32 140 0
40 140 0
52 140 0
59 140 2
65 140 2
66 140 2
72 140 0
104 140 0
105 140 0
108 140 2
117 140 0
118 140 0
128 140 2
141 140 0
142 140 0
-136 141 0
-120 141 0
-107 141 0
-60 141 0
-43 141 2
-42 141 0
-29 141 0
-12 141 2
-8 141 0
11 141 0
17 141 0
24 141 0
29 141 2
34 141 0
58 141 0
74 141 2
77 141 0
79 141 0
105 141 0
114 141 0
115 141 0
119 141 0
133 141 0
140 141 0
143 141 0
147 141 0
-147 142 2
-144 142 0
-139 142 0
-131 142 2
-111 142 0
-107 142 0
-64 142 0
-57 142 0
-47 142 2
-28 142 0
-16 142 0
-15 142 0
-12 142 0
1 142 2
9 142 0
16 142 0
26 142 0
39 142 0
40 142 0
45 142 0
77 142 2
117 142 0
124 142 0
126 142 0
136 142 0
138 142 0
139 142 0
145 142 0
-144 143 0
-142 143 2
-119 143 2
-118 143 0
-62 143 2
-60 143 0
-47 143 0
-40 143 0
-27 143 0
-18 143 0
-17 143 0
-6 143 0
-2 143 0
16 143 2
19 143 2
21 143 2
32 143 2
33 143 0
38 143 0
49 143 0
62 143 0
69 143 0
73 143 0
114 143 2
126 143 0
131 143 0
134 143 0
136 143 0
147 143 2
148 143 0
-124 144 0
-123 144 2
-107 144 0
-106 144 0
-64 144 0
-53 144 2
-38 144 0
-36 144 0
-34 144 0
-30 144 0
-22 144 0
-20 144 0
-16 144 0
-15 144 0
-4 144 2
-1 144 0
0 144 0
3 144 0
6 144 0
7 144 0
29 144 0
30 144 2
33 144 2
39 144 2
41 144 2
44 144 0
47 144 0
57 144 0
61 144 2
64 144 0
71 144 0
115 144 2
124 144 2
128 144 0
132 144 0
145 144 0
-147 145 0
-139 145 0
-137 145 0
-126 145 0
-123 145 0
-121 145 0
-119 145 2
-114 145 0
-107 145 2
-45 145 0
-37 145 2
-36 145 0
-33 145 0
-23 145 0
-5 145 0
-1 145 2
1 145 0
29 145 0
35 145 0
50 145 2
56 145 0
57 145 2
59 145 2
65 145 2
110 145 0
113 145 0
114 145 2
126 145 0
138 145 2
142 145 0
150 145 0
-149 146 0
-147 146 0
-144 146 0
-124 146 2
-121 146 0
-120 146 0
-115 146 0
-114 146 2
-109 146 0
-59 146 2
-55 146 0
-48 146 0
-40 146 0
-29 146 0
-24 146 2
-4 146 0
5 146 0
51 146 0
58 146 2
59 146 0
61 146 0
67 146 0
79 146 0
107 146 0
109 146 0
114 146 0
144 146 0
146 146 0
150 146 0
-149 147 0
-146 147 0
-125 147 0
-110 147 2
-55 147 0
-54 147 0
-50 147 0
-36 147 0
-31 147 0
-24 147 0
-8 147 0
-7 147 0
-4 147 0
28 147 2
35 147 2
50 147 0
56 147 0
57 147 0
58 147 0
65 147 0
78 147 0
81 147 2
109 147 0
110 147 0
111 147 0
128 147 0
134 147 0
139 147 2
140 147 0
149 147 2
-150 148 0
-137 148 0
-134 148 2
-110 148 2
-106 148 0
-60 148 0
-48 148 2
-44 148 0
-41 148 0
-38 148 2
-35 148 0
-28 148 0
-25 148 0
-9 148 0
-5 148 0
34 148 0
52 148 0
74 148 0
76 148 0
79 148 0
107 148 0
111 148 0
116 148 0
118 148 2
119 148 0
125 148 0
137 148 0
142 148 0
149 148 0
-142 149 0
-140 149 0
-128 149 0
-127 149 2
-120 149 0
-118 149 0
-113 149 0
-55 149 2
-52 149 0
-50 149 0
-49 149 0
-48 149 2
-40 149 0
-27 149 0
-16 149 2
-1 149 0
36 149 2
45 149 0
47 149 0
65 149 0
77 149 0
82 149 0
83 149 2
108 149 0
111 149 2
140 149 0
-149 150 0
-147 150 0
-141 150 0
-136 150 2
-129 150 0
-122 150 0
-118 150 0
-114 150 0
-111 150 2
-60 150 2
-58 150 0
-57 150 0
-56 150 0
-49 150 0
-45 150 0
-41 150 0
-30 150 0
-29 150 0
-26 150 0
-21 150 2
-8 150 2
-2 150 0
33 150 0
45 150 0
48 150 2
63 150 0
67 150 0
83 150 0
111 150 2
131 150 2
134 150 2
140 150 0
144 150 0
149 150 2